0.0,0.99,0.01,0.0
0.2002002002002002,0.989900612251336,0.010059229056857773,4.015869180637912e-05
0.4004004004004004,0.9898006460161902,0.010118798790315608,8.055519349434067e-05
0.6006006006006006,0.9897000982097037,0.01017871096958143,0.00012119082071493366
0.8008008008008008,0.989598965242688,0.010238967651951335,0.00016206710536073826
1.001001001001001,0.98949724504065,0.010299570020429256,0.00020318493892091294
1.2012012012012012,0.9893949339064804,0.010360520191408857,0.00024454590211085437
1.4014014014014016,0.9892920283893238,0.010421820141769976,0.0002861514689062938
1.6016016016016017,0.9891885250383247,0.010483471848392451,0.0003280031132829623
1.8018018018018018,0.9890844204026273,0.010545477288156123,0.0003701023092165913
2.002002002002002,0.9889797110313764,0.010607838437940829,0.0004124505306829121
2.2022022022022023,0.988874393473716,0.01067055727462641,0.0004550492516576557
2.4024024024024024,0.9887684642787908,0.010733635775092705,0.0004978999461165535
2.6026026026026026,0.9886619199957452,0.010797075916219553,0.0005410040880353367
2.802802802802803,0.9885547571743766,0.010860879674411524,0.0005843631512121024
3.0030030030030033,0.9884469724927224,0.010925048932723063,0.0006279785745547189
3.2032032032032034,0.988338562624795,0.010989585577138899,0.0006718517980662685
3.4034034034034035,0.9882295241607196,0.011054491554707693,0.0007159842845728825
3.6036036036036037,0.9881198536906214,0.011119768812478106,0.0007603774969006925
3.8038038038038042,0.9880095478046255,0.011185419297498802,0.0008050328978758296
4.004004004004004,0.9878986030928573,0.011251444956818442,0.0008499519503244252
4.2042042042042045,0.9877870161454418,0.011317847737485688,0.0008951361170726107
4.404404404404405,0.9876747835525045,0.011384629586549202,0.0009405868609465173
4.604604604604605,0.9875619019041703,0.011451792451057645,0.0009863056447722764
4.804804804804805,0.9874483677905644,0.01151933827805968,0.0010322939313760196
5.005005005005005,0.9873341774920285,0.01158726917708307,0.0010785533308886447
5.205205205205205,0.987219326906921,0.011655587458002268,0.0011250856350768553
5.405405405405406,0.9871038124405622,0.01172429516479477,0.0011718923946431865
5.605605605605606,0.9869876305123565,0.011793394334050848,0.0012189751535928628
5.805805805805806,0.9868707775417083,0.011862887002360774,0.0012663354559311088
6.0060060060060065,0.9867532499480223,0.011932775206314822,0.0013139748456631492
6.206206206206207,0.9866350441507027,0.012003060982503266,0.0013618948667942089
6.406406406406407,0.9865161565691543,0.012073746367516375,0.0014100970633295126
6.606606606606607,0.9863965836227815,0.012144833397944426,0.0014585829792742844
6.806806806806807,0.9862763217309888,0.012216324110377692,0.0015073541586337496
7.007007007007007,0.9861553607668437,0.012288223936517203,0.0015564152966393743
7.207207207207207,0.9860337114241398,0.01236052750986169,0.0016057610659988037
7.407407407407407,0.9859113605451075,0.012433241833987784,0.0016553976209049324
7.6076076076076085,0.9857883045133911,0.01250636896403212,0.0017053265225770845
7.807807807807809,0.9856645396952797,0.012579910964131965,0.0017555493405886679
8.008008008008009,0.9855400624397078,0.012653869907425222,0.0018060676528671743
8.208208208208209,0.9854148690782557,0.012728247876050432,0.0018568830456941806
8.408408408408409,0.9852889559251482,0.012803046961146772,0.001907997113705347
8.608608608608609,0.9851623192772558,0.012878269262854057,0.0019594114598904186
8.80880880880881,0.9850349554140944,0.012953916890312734,0.0020111276955932242
9.00900900900901,0.9849068605609366,0.01302999198030098,0.002063147458762702
9.20920920920921,0.9847780303495399,0.013106496969693009,0.0021154726807673116
9.40940940940941,0.9846484606878885,0.01318343415603668,0.0021681051560751624
9.60960960960961,0.9845181476476427,0.013260805754417508,0.002221046597940096
9.80980980980981,0.9843870872764383,0.013338613992291692,0.0022742987312702797
10.01001001001001,0.984255275597886,0.01341686110948612,0.0023278632926282032
10.21021021021021,0.9841227086115713,0.013495549358198357,0.002381742030230681
10.41041041041041,0.9839893822930548,0.01357468100299666,0.002435936703948851
10.61061061061061,0.9838552925938722,0.013654258320819974,0.002490449085308175
10.810810810810812,0.983720435441534,0.013734283600977922,0.002545280957488439
11.011011011011012,0.9835848067395258,0.01381475914515082,0.002600434115323751
11.211211211211213,0.9834484023673081,0.013895687267389663,0.0026559103653025456
11.411411411411413,0.9833112181803165,0.013977070294116135,0.002711711525567579
11.611611611611613,0.9831732500099617,0.014058910564122609,0.002767839425915933
11.811811811811813,0.9830344936636292,0.014141210428572137,0.002824295907799011
12.012012012012013,0.9828949449246793,0.014223972250998463,0.0028810828243225426
12.212212212212213,0.9827545995524477,0.01430719840730601,0.0029382020402465795
12.412412412412413,0.9826134532822449,0.014390891285769892,0.002995655431985498
12.612612612612613,0.9824715018253564,0.014475053287035904,0.003053444887607998
12.812812812812814,0.9823287408878854,0.014559686812331107,0.00311157229978386
13.013013013013014,0.9821851663730812,0.01464479413687143,0.0031700394900476842
13.213213213213214,0.9820407740326441,0.014730377628032539,0.003228848339323684
13.413413413413414,0.9818955595345618,0.014816439702905818,0.003288000762532761
13.613613613613614,0.9817495185253352,0.01490298278936514,0.0033474986852999686
13.813813813813814,0.981602646629979,0.014990009326066847,0.0034073440439545077
14.014014014014014,0.9814549394520208,0.015077521762449768,0.003467538785529729
14.214214214214214,0.9813063925735019,0.015165522558735201,0.0035280848677631325
14.414414414414415,0.981157001554977,0.015254014185926926,0.0035889842590963662
14.614614614614615,0.9810067619355138,0.015342999125811206,0.003650238938675228
14.814814814814815,0.9808556692326938,0.015432479870956774,0.003711850896349665
15.015015015015017,0.9807037189426117,0.015522458924714847,0.0037738221326737735
15.215215215215217,0.9805509065398754,0.015612938801219117,0.0038361546589057976
15.415415415415417,0.9803972274776064,0.015703922025385758,0.0038988504970081314
15.615615615615617,0.9802426771874395,0.015795411132913415,0.003961911679647319
15.815815815815817,0.980087251079523,0.01588740867028322,0.004025340250194052
16.016016016016017,0.9799309445425184,0.015979917194758775,0.004089138262723171
16.216216216216218,0.9797737529436005,0.016072939274386168,0.004153307782013668
16.416416416416418,0.9796156716284576,0.01616647748799396,0.0042178508835486826
16.616616616616618,0.9794566959438548,0.016260534409933764,0.004282769646211726
16.816816816816818,0.9792968214197363,0.016355112486924544,0.0043480660933394415
17.017017017017018,0.9791360434336459,0.01645021426500454,0.00441374230134987
17.217217217217218,0.9789743572943284,0.016545842332991598,0.004479800372680315
17.41741741741742,0.9788117582913924,0.01664199928889647,0.004546242419711398
17.61761761761762,0.9786482416953104,0.016738687739922837,0.004613070564767063
17.81781781781782,0.9784838027574184,0.016835910302467293,0.004680286940114575
18.01801801801802,0.9783184367099165,0.01693366960211935,0.00474789368796452
18.21821821821822,0.978152138765868,0.01703196827366143,0.004815892960470806
18.41841841841842,0.9779849041192008,0.017130808961068878,0.004884286919730661
18.61861861861862,0.9778167279447056,0.017230194317509957,0.0049530777377846365
18.81881881881882,0.9776476053980379,0.017330127005345843,0.005022267596616603
19.01901901901902,0.9774775316157159,0.017430609696130625,0.005091858688153752
19.21921921921922,0.9773065017151223,0.017531645070611324,0.0051618532142666
19.41941941941942,0.9771345107945034,0.017633235818727857,0.0052322533867689815
19.61961961961962,0.9769615539329691,0.017735384639613074,0.005303061427418052
19.81981981981982,0.9767876261904933,0.01783809424159273,0.0053742795679142885
20.02002002002002,0.9766127226079133,0.017941367342185512,0.005445910049901492
20.22022022022022,0.9764368382069305,0.018045206668103005,0.0055179551249667814
20.42042042042042,0.9762599679845723,0.01814961495242139,0.0055904170630066315
20.62062062062062,0.9760821068791508,0.018254594917195135,0.005663298203654395
20.82082082082082,0.9759032498375659,0.018360149307831423,0.005736600854602992
21.02102102102102,0.9757233917953807,0.018466280882913796,0.005810327321705862
21.22122122122122,0.9755425276685628,0.01857299240998425,0.005884479921453337
21.421421421421424,0.9753606523534845,0.01868028666554321,0.005959060980972642
21.621621621621625,0.9751777607269229,0.018788166435049537,0.006034072838027888
21.821821821821825,0.9749938476460597,0.018896634512920542,0.006109517841020081
22.022022022022025,0.9748089079484812,0.019005693702531964,0.006185398348987117
22.222222222222225,0.9746229364521786,0.019115346816217994,0.006261716731603781
22.422422422422425,0.9744359279555473,0.019225596675271246,0.006338475369181751
22.622622622622625,0.9742478772373879,0.01933644610994279,0.006415676652669595
22.822822822822825,0.9740587790569054,0.01944789795944212,0.006493322983652773
23.023023023023026,0.9738686281537094,0.019559955071937186,0.006571416774353634
23.223223223223226,0.9736774192478146,0.019672620304554356,0.006649960447631419
23.423423423423426,0.9734851470396396,0.019785896523378456,0.006728956436982259
23.623623623623626,0.9732918062100084,0.019899786603452745,0.006808407186539177
23.823823823823826,0.9730973914201493,0.020014293428778914,0.006888315151072086
24.024024024024026,0.9729018973116954,0.020129419892317105,0.006968682795987792
24.224224224224226,0.972705318504562,0.020245168888240135,0.007049512607198217
24.424424424424426,0.9725076495869573,0.02036154327547947,0.007130807137563538
24.624624624624627,0.9723088851367082,0.020478545955549307,0.007212568907742837
24.824824824824827,0.9721090197140653,0.02059617984629182,0.007294800439643183
25.025025025025027,0.9719080478595409,0.0207144478739847,0.007377504266474733
25.225225225225227,0.9717059640939084,0.020833352973341168,0.0074606829327507375
25.425425425425427,0.9715027629182028,0.020952898087509962,0.00754433899428754
25.625625625625627,0.9712984388137204,0.02107308616807536,0.007628475018204572
25.825825825825827,0.9710929862420188,0.021193920175057158,0.007713093582924363
26.026026026026027,0.9708863996449171,0.021315403076910676,0.007798197278172528
26.226226226226228,0.9706786734444958,0.021437537850526763,0.007883788704977778
26.426426426426428,0.9704698020430966,0.021560327481231798,0.007969870475671914
26.626626626626628,0.9702597798233228,0.021683774962787682,0.00805644521388983
26.826826826826828,0.9700486011480389,0.021807883297391837,0.00814351555456951
27.027027027027028,0.9698362603603711,0.02193265549567722,0.008231084143952034
27.227227227227228,0.9696227517837064,0.022058094576712307,0.008319153639581568
27.42742742742743,0.9694080697216938,0.022184203568001104,0.008407726710305374
27.62762762762763,0.9691922084582434,0.022310985505483143,0.008496806036273806
27.82782782782783,0.9689751622575266,0.02243844343353348,0.008586394308940306
28.02802802802803,0.9687569253710313,0.022566580384580114,0.008676494244388782
28.22822822822823,0.9685374920623802,0.022695399307406328,0.008767108630213825
28.42842842842843,0.9683168565479617,0.022824903238662434,0.008858240213376035
28.62862862862863,0.9680950130197311,0.022955095237000362,0.008949891743268764
28.82882882882883,0.9678719556501728,0.023085978368731587,0.009042065981095845
29.02902902902903,0.9676476785923015,0.023217555707827117,0.009134765699871586
29.22922922922923,0.967422175979662,0.02334983033591751,0.009227993684420769
29.42942942942943,0.9671954419263288,0.023482805342292863,0.009321752731378658
29.62962962962963,0.9669674705269065,0.023616483823902815,0.009416045649190996
29.82982982982983,0.9667382558565297,0.023750868885356543,0.009510875258113997
30.030030030030034,0.9665077919708631,0.023885963638922765,0.009606244390214364
30.230230230230234,0.9662760729061013,0.024021771204529745,0.009702155889369261
30.430430430430434,0.9660430926789686,0.02415829470976528,0.009798612611266341
30.630630630630634,0.9658088452867198,0.024295537289876722,0.009895617423403735
30.830830830830834,0.9655733247071393,0.02443350208777095,0.009993173205090045
31.031031031031034,0.9653365248985415,0.024572192254014392,0.010091282847444356
31.231231231231234,0.9650984397997711,0.024711610946833017,0.010189949253396228
31.431431431431434,0.9648590633302022,0.024851761332112327,0.010289175337685696
31.631631631631635,0.9646183893897395,0.02499264658339738,0.01038896402686328
31.831831831831835,0.9643764118588175,0.02513426988189276,0.010489318259289969
32.032032032032035,0.9641331245984004,0.025276634416462607,0.010590240985137235
32.232232232232235,0.9638885214499826,0.025419743383630587,0.010691735166387027
32.432432432432435,0.9636425962355886,0.02556359998757992,0.010793803776831767
32.632632632632635,0.9633953427794322,0.025708207403773626,0.010896449816794485
32.832832832832835,0.9631467550072627,0.025853568612092283,0.010999676380645326
33.033033033033036,0.9628968267285032,0.02599968676275667,0.011103486508740375
33.233233233233236,0.9626455517120426,0.026146565049027157,0.011207883238930561
33.433433433433436,0.9623929237082876,0.026294206670163765,0.01131286962154892
33.633633633633636,0.9621389364491635,0.026442614831426167,0.0114184487194106
33.833833833833836,0.9618835836481138,0.026591792744073698,0.011524623607812859
34.034034034034036,0.9616268590000999,0.026741743625365334,0.011631397374535056
34.234234234234236,0.9613687561816019,0.026892470698559715,0.011738773119838666
34.434434434434436,0.9611092688506179,0.027043977192915125,0.011846753956467268
34.63463463463464,0.9608483906466642,0.02719626634368951,0.011955343009646556
34.83483483483484,0.9605861151907755,0.027349341392140458,0.012064543417084324
35.03503503503504,0.9603224360855046,0.027503205585525225,0.01217435832897048
35.23523523523524,0.9600573469149225,0.027657862177100704,0.012284790907977041
35.43543543543544,0.9597908412446187,0.027813314426123448,0.012395844329258127
35.63563563563564,0.9595229126217006,0.02796956559784967,0.012507521780449973
35.83583583583584,0.9592535545747941,0.028126618963535226,0.01261982646167092
36.03603603603604,0.9589827606140432,0.028284477800435626,0.012732761585521415
36.23623623623624,0.9587105242311103,0.028443145391806042,0.01284633037708402
36.43643643643644,0.9584368388991756,0.028602625026901286,0.012960536073923399
36.63663663663664,0.9581616980729382,0.02876292000097584,0.013075381926086328
36.83683683683684,0.9578850951886148,0.028924033615283815,0.01319087119610169
37.03703703703704,0.9576070236639408,0.029085969177078997,0.013307007158980479
37.23723723723724,0.9573274769260975,0.029248729965087986,0.013423793108814638
37.43743743743744,0.9570464485812357,0.029412319019932444,0.013541232398832042
37.63763763763764,0.9567639320788326,0.02957673955907687,0.013659328362090736
37.83783783783784,0.9564799208114976,0.02974199485344174,0.013778084335060916
38.03803803803804,0.9561944081557332,0.029908088177010933,0.013897503667256074
38.23823823823824,0.9559073874719355,0.03007502280683167,0.014017589721232997
38.43843843843844,0.9556188521043939,0.030242802023014572,0.014138345872591771
38.63863863863864,0.9553287953812908,0.03041142910873363,0.014259775509975776
38.83883883883884,0.9550372106147023,0.030580907350226207,0.01438188203507169
39.03903903903904,0.9547440911005977,0.030751240036793047,0.014504668862609486
39.23923923923924,0.9544494301188395,0.03092243046079827,0.014628139420362432
39.43943943943944,0.9541532209331838,0.031094481917669368,0.014752297149147098
39.63963963963964,0.9538554567912796,0.03126739770589721,0.014877145502823345
39.83983983983984,0.9535561309246698,0.031441181127036054,0.015002687948294333
40.04004004004004,0.9532552365487902,0.031615835485703514,0.015128927965506517
40.24024024024024,0.9529527668629699,0.03179136408958059,0.015255869047449648
40.44044044044044,0.9526487150504318,0.03196777024941166,0.015383514700156775
40.64064064064064,0.9523430742782915,0.03214505727900448,0.015511868442704245
40.84084084084084,0.9520358376975583,0.03232322849523016,0.015640933807211693
41.04104104104104,0.9517269985428559,0.032502287115797876,0.015770714341346425
41.24124124124124,0.9514165501343159,0.032682236257313334,0.01590121360837096
41.44144144144144,0.9511044856239382,0.03286307919528887,0.016032435180773196
41.64164164164164,0.9507907981467651,0.03304481920917212,0.01616438264406297
41.84184184184184,0.9504754808240463,0.033227459579102434,0.01629705959685152
42.04204204204204,0.9501585267632379,0.03341100358591091,0.016430469650851473
42.24224224224224,0.949839929058003,0.03359545451112037,0.01656461643087686
42.44244244244244,0.9495196807882118,0.033780815636945356,0.016699503574843108
42.64264264264264,0.9491977750199411,0.03396709024629216,0.01683513473376705
42.84284284284285,0.9488742048054746,0.03415428162275879,0.016971513571766905
43.04304304304305,0.948548963183303,0.03434239305063499,0.01710864376606229
43.24324324324325,0.9482220431781238,0.03453142781490222,0.01724652900697423
43.44344344344345,0.9478934378008415,0.03472138920123369,0.017385172997925146
43.64364364364365,0.947563140048567,0.03491228049599434,0.01752457945543885
43.84384384384385,0.9472311429046189,0.03510410498624083,0.017664752109140553
44.04404404404405,0.9468974393385218,0.03529686595972155,0.017805694701756875
44.24424424424425,0.9465620223060078,0.035490566704876624,0.01794741098911582
44.44444444444445,0.9462248847490156,0.035685210510837916,0.018089904740146802
44.64464464464465,0.9458860196080945,0.0358808006552204,0.018233179736685295
44.84484484484485,0.9455454200991528,0.036077340131732576,0.018377239769114845
45.04504504504505,0.9452030793036555,0.03627483205352441,0.018522088642820286
45.24524524524525,0.9448589901806268,0.0364732796413746,0.018667730177998762
45.44544544544545,0.9445131456788494,0.03667268611325791,0.018814168207892876
45.64564564564565,0.9441655387368643,0.03687305468434522,0.018961406578790713
45.84584584584585,0.9438161622829709,0.03707438856700347,0.019109449150025822
46.04604604604605,0.9434650092352272,0.03727669097079571,0.01925829979397722
46.24624624624625,0.9431120725014498,0.03747996510248105,0.019407962396069404
46.44644644644645,0.9427573449792132,0.03768421416601471,0.019558440854772336
46.64664664664665,0.9424008195558508,0.037889441362548,0.019709739081601445
46.84684684684685,0.9420424891084542,0.03809564989042831,0.019861861001117635
47.04704704704705,0.9416823465038738,0.0383028429451991,0.02001481055092728
47.24724724724725,0.941320384598718,0.038511023719599954,0.02016859168168223
47.44744744744745,0.9409565962393539,0.03872019540356652,0.020323208357079795
47.64764764764765,0.9405909742619069,0.03893036118423053,0.020478664553862765
47.84784784784785,0.940223511492261,0.03914152424591982,0.020634964261819395
48.04804804804805,0.9398542007460585,0.039353687770158303,0.020792111483783415
48.24824824824825,0.9394830348287002,0.03956685493566599,0.020950110235634017
48.44844844844845,0.9391100066488642,0.03978102881386974,0.021108964537266198
48.64864864864865,0.9387351094308403,0.03999621217345896,0.021268678395700957
48.84884884884885,0.9383583360729522,0.04021240807092946,0.021429255856118545
49.04904904904905,0.9379796794348881,0.040429619586108786,0.021590700979003244
49.24924924924925,0.9375991323706866,0.04064784979179406,0.021753017837519567
49.44944944944945,0.9372166877287359,0.040867101753751994,0.021916210517512254
49.64964964964965,0.936832338351775,0.04108737853071886,0.02208028311750627
49.84984984984985,0.9364460770768929,0.04130868317440053,0.022245239748706815
50.050050050050054,0.9360578967355284,0.04153101872947243,0.022411084534999307
50.250250250250254,0.9356677901534712,0.041754388233579576,0.02257782161294939
50.450450450450454,0.9352757501508607,0.041978794717336565,0.02274545513180294
50.650650650650654,0.9348817695421866,0.042204241204327565,0.022913989253486068
50.850850850850854,0.9344858411362887,0.042430730711106326,0.02308342815260509
51.051051051051054,0.9340879577363574,0.04265826624719618,0.023253776016446574
51.251251251251254,0.9336881121399329,0.042886850815090014,0.023425037044977292
51.451451451451454,0.9332862971389057,0.04311648741025033,0.023597215450844262
51.651651651651655,0.9328825055195163,0.04334717902110917,0.02377031545937472
51.851851851851855,0.9324767300623559,0.04357892862906819,0.023944341308576124
52.052052052052055,0.9320689635428638,0.043811739208059995,0.024119297249076386
52.252252252252255,0.9316591990445691,0.04404561344888567,0.024295187506545423
52.452452452452455,0.9312474296742892,0.04428055400984925,0.024472016315861767
52.652652652652655,0.9308336483063346,0.044516563741866154,0.024649787951799427
52.852852852852855,0.930417847816225,0.04475364548278531,0.02482850670098979
53.053053053053056,0.9300000210806894,0.04499180205738919,0.02500817686192164
53.253253253253256,0.9295801609776653,0.045231036277393784,0.025188802744941154
53.453453453453456,0.9291582603862997,0.045471350941448614,0.025370388672251887
53.653653653653656,0.9287343121869487,0.045712748835136735,0.025552938977914802
53.853853853853856,0.9283083092611772,0.04595523273097473,0.025736458007848236
54.054054054054056,0.9278802444917595,0.046198805388412714,0.025920950119827934
54.254254254254256,0.9274501107626788,0.04644346955383431,0.026106419683487012
54.454454454454456,0.9270179009591275,0.0466892279605567,0.026292871080315996
54.65465465465466,0.9265836079675068,0.04693608332883058,0.02648030870366279
54.85485485485486,0.9261472246754273,0.04718403836584017,0.026668736958732692
55.05505505505506,0.9257087439717085,0.047433095765703225,0.02685816026258839
55.25525525525526,0.9252681588292626,0.04768325814045814,0.027048583030279325
55.45545545545546,0.9248254624851928,0.04793452787010525,0.027240009644702055
55.65565565565566,0.924380647944186,0.04818690751610621,0.027432444539707928
55.85585585585586,0.9239337081896829,0.04844039964555356,0.027625892164763605
56.05605605605606,0.9234846362114516,0.04869500680821182,0.02782035698033662
56.25625625625626,0.9230334250055872,0.04895073153651752,0.028015843457895387
56.45645645645646,0.9225800675745117,0.04920757634557916,0.028212356079909198
56.65665665665666,0.9221245569269746,0.04946554373317721,0.028409899339848232
56.85685685685686,0.9216668860780524,0.04972463617976413,0.02860847774218353
57.05705705705706,0.9212070480491487,0.04998485614846438,0.028808095802387027
57.25725725725726,0.9207450358679942,0.05024620608507438,0.02900875804693153
57.45745745745746,0.9202808425686468,0.05050868841806254,0.029210469013290725
57.65765765765766,0.9198144611914916,0.050772305558569264,0.029413233249939177
57.85785785785786,0.9193458847832409,0.05103705990040693,0.02961705531635233
58.05805805805806,0.9188751063969337,0.0513029538200599,0.029821939783006506
58.25825825825826,0.9184021191041671,0.05156998966668063,0.030027891229152292
58.45845845845846,0.9179269163645927,0.05183816945986133,0.0302349141755461
58.65865865865866,0.9174494915219807,0.05210749530182565,0.03044301317619369
58.85885885885886,0.9169698377723202,0.052377969403522004,0.030652192824157876
59.05905905905906,0.9164879483247957,0.05264959395295243,0.03086245772225185
59.25925925925926,0.9160038164017883,0.05292237111517258,0.031073812483039184
59.45945945945946,0.9155174352388745,0.05319630303229176,0.0312862617288338
59.65965965965966,0.9150287980848272,0.05347139182347285,0.03149981009170002
59.85985985985987,0.9145378982016151,0.053747639584932394,0.031714462213452525
60.06006006006007,0.9140447288644032,0.054025048389940517,0.03193022274565636
60.26026026026027,0.9135492833615522,0.05430362028882099,0.03214709634962694
60.46046046046047,0.9130515549946188,0.054583357308951204,0.03236508769643009
60.66066066066067,0.9125515370783559,0.05486426145476216,0.03258420146688196
60.86086086086087,0.9120492229407124,0.055146334707738505,0.0328044423515491
61.06106106106107,0.9115446059228332,0.055429579026418464,0.03302581505074842
61.26126126126127,0.9110376793790589,0.05571399634639393,0.033248324274547214
61.46146146146147,0.9105284368786339,0.055999588420851586,0.03347197470051456
61.66166166166167,0.9100168722922988,0.05628635675211725,0.03369677095558398
61.86186186186187,0.9095029791547657,0.056574303095648135,0.03392271774958614
62.06206206206207,0.9089867510089541,0.056863429187898926,0.034149819803147026
62.26226226226227,0.9084681814186466,0.057153736736316504,0.03437808184503699
62.46246246246247,0.9079472639684893,0.057445227419339946,0.0346075086121708
62.66266266266267,0.907423992263992,0.057737902886400475,0.03483810484960761
62.86286286286287,0.9068983599315276,0.058031764757921524,0.03506987531055096
63.06306306306307,0.9063703606183325,0.0583268146253187,0.0353028247563488
63.26326326326327,0.9058399879925069,0.05862305405099977,0.03553695795649347
63.46346346346347,0.9053072357430136,0.0589204845683647,0.035772279688621705
63.66366366366367,0.9047720975796798,0.05921910768180564,0.03600879473851462
63.86386386386387,0.9042345672331954,0.05951892486670691,0.036246507900097744
64.06406406406407,0.9036946384551141,0.05981993756944501,0.036485423975440995
64.26426426426427,0.9031523050178527,0.06012214720738862,0.036725547774758685
64.46446446446447,0.9026075572209337,0.06042555784837006,0.03696688493069629
64.66466466466467,0.9020603975481523,0.06073016420271796,0.037209438249129784
64.86486486486487,0.9015108152682713,0.06103597110277201,0.03745321362895679
65.06506506506507,0.9009588044353218,0.061342979697894075,0.03769821586678408
65.26526526526527,0.9004043591255141,0.061651191107429594,0.037944449767056326
65.46546546546547,0.8998474734377894,0.06196060642028351,0.03819192014192719
65.66566566566567,0.8992881414943734,0.062271226694496196,0.03844063181113047
65.86586586586587,0.8987263574413294,0.06258305295681939,0.03869058960185123
66.06606606606607,0.8981621154491111,0.06289608620229209,0.038941798348596915
66.26626626626627,0.897595409713115,0.06321032739381655,0.03919426289306845
66.46646646646647,0.8970262344542345,0.06352577746173416,0.039447988084031445
66.66666666666667,0.8964545839194115,0.06384243730340136,0.039702978777187224
66.86686686686687,0.8958804523821904,0.06416030778276566,0.03995923983504402
67.06706706706707,0.8953038341432705,0.06447938972994144,0.040216776126788076
67.26726726726727,0.8947247235310593,0.06479968394078597,0.040475592528154754
67.46746746746747,0.894143114902225,0.06512119117647533,0.04073569392129971
67.66766766766767,0.8935590029810099,0.06544391191263794,0.04099708510635227
67.86786786786787,0.8929723826627883,0.0657678464845669,0.04125977085264482
68.06806806806807,0.8923832485384273,0.0660929954388412,0.04152375602273149
68.26826826826827,0.8917915952403322,0.06641935927748155,0.041789045482186274
68.46846846846847,0.8911974174438577,0.06674693845689196,0.04205564409925042
68.66866866866867,0.8906007098682303,0.06707573338716259,0.04232355674460722
68.86886886886887,0.8900014672774706,0.0674057444313725,0.042592788291156904
69.06906906906907,0.8893996844813162,0.06773697190489249,0.04286334361379136
69.26926926926927,0.8887953563361431,0.06806941607468794,0.043135227589169
69.46946946946947,0.8881884777458888,0.06840307715862162,0.04340844509548957
69.66966966966967,0.8875790436629747,0.06873795532475643,0.04368300101226893
69.86986986986987,0.8869670490892279,0.06907405069065833,0.043958900220113895
70.07007007007007,0.886352489076804,0.06941136332269902,0.04423614760049704
70.27027027027027,0.8857353587291097,0.06974989323535892,0.04451474803553152
70.47047047047047,0.8851156532017244,0.0700896403905298,0.04479470640774586
70.67067067067067,0.8844933677033235,0.07043060469681775,0.0450760275998588
70.87087087087087,0.8838684974966001,0.0707727860088459,0.04535871649455407
71.07107107107107,0.8832410378991876,0.07111618412655725,0.04564277797425523
71.27127127127127,0.8826109842845821,0.07146079879451751,0.045928216920900475
71.47147147147147,0.8819783320876058,0.07180662970172173,0.0462150382106725
71.67167167167167,0.8813430768378757,0.07215367648450763,0.046503246677616676
71.87187187187187,0.8807052141003302,0.07250193871915832,0.046792847180511514
72.07207207207207,0.8800647394921324,0.07285141592297793,0.047083844584889636
72.27227227227228,0.8794216486917745,0.0732021075545022,0.047376243753723304
72.47247247247248,0.8787759374400266,0.0735540130128041,0.04767004954716928
72.67267267267268,0.8781276015408864,0.07390713163679986,0.04796526682231375
72.87287287287288,0.8774766368625282,0.07426146270455455,0.048261900432917226
73.07307307307308,0.8768230393382525,0.07461700543258808,0.04855995522915945
73.27327327327328,0.8761668049674349,0.07497375897518078,0.04885943605738431
73.47347347347348,0.8755079298164758,0.07533172242367944,0.04916034775984472
73.67367367367368,0.8748464100197495,0.07569089480580293,0.049462695174447555
73.87387387387388,0.8741822417805534,0.07605127508494808,0.04976648313449851
74.07407407407408,0.8735154213720575,0.07641286215949544,0.05007171646844707
74.27427427427428,0.8728459451382535,0.07677565486211516,0.050378399999631354
74.47447447447448,0.8721738094949043,0.07713965195907264,0.05068653854602304
74.67467467467468,0.8714990109304932,0.07750485214953454,0.050996136919972304
74.87487487487488,0.870821546007173,0.07787125406487437,0.05130719992795266
75.07507507507508,0.8701414113617156,0.07823885626797843,0.0516197323703059
75.27527527527528,0.8694586037064614,0.07860765725255155,0.051933739040987026
75.47547547547548,0.8687731196453006,0.07897765560528087,0.052249224749418635
75.67567567567568,0.8680849556991541,0.0793488499835424,0.05256619431730356
75.87587587587588,0.8673941087137814,0.07972123875648138,0.05288465252973721
76.07607607607608,0.8667005756101083,0.08009482022498209,0.05320460416490973
76.27627627627628,0.8660043533815174,0.08046959262419454,0.05352605399428816
76.47647647647648,0.8653054390945542,0.08084555412305527,0.05384900678239059
76.67667667667668,0.8646038298896319,0.08122270282380797,0.054173467286560126
76.87687687687688,0.8638995229817368,0.08160103676152423,0.05449944025673909
77.07707707707708,0.8631925156611328,0.08198055390362426,0.05482693043524301
77.27727727727728,0.8624828052940677,0.08236125214939756,0.055155942556534755
77.47747747747748,0.8617703893234777,0.08274312932952373,0.05548648134699859
77.67767767767768,0.8610552652696928,0.08312618320559305,0.05581855152471426
77.87787787787788,0.8603374307311417,0.08351041146962729,0.05615215779923107
78.07807807807808,0.8596168833850576,0.0838958117436004,0.056487304871342
78.27827827827828,0.8588936209881831,0.08428238157895918,0.05682399743285772
78.47847847847848,0.8581676413774753,0.08467011845614403,0.057162240166380725
78.67867867867868,0.857438942470811,0.08505901978410968,0.05750203774507939
78.87887887887888,0.8567075222676921,0.08544908289984585,0.05784339483246208
79.07907907907908,0.8559733788499508,0.085840305067898,0.05818631608215117
79.27927927927928,0.8552365103811618,0.0862326834842966,0.05853080613454166
79.47947947947948,0.8544969150919245,0.08662621532866129,0.05887686957941421
79.67967967967968,0.8537545913059352,0.08702089767723512,0.05922451101682967
79.87987987987988,0.853009537436477,0.08741672751677515,0.05957373504674784
80.08008008008008,0.8522617519823054,0.08781370176050692,0.05992454625718775
80.28028028028028,0.8515112335283409,0.08821181724768654,0.06027694922397253
80.48048048048048,0.850757980746363,0.08861107074316281,0.0606309485104742
80.68068068068068,0.8500019923957022,0.08901145893693925,0.06098654866735856
80.88088088088088,0.8492432673239337,0.0894129784437362,0.06134375423233003
81.08108108108108,0.8484818044675706,0.08981562580255291,0.06170256972987647
81.28128128128128,0.8477176028527563,0.09021939747622956,0.06206299967101407
81.48148148148148,0.8469506615959584,0.09062428985100945,0.062425048553032145
81.68168168168168,0.846180979904661,0.09103029923610098,0.06278872085923803
81.88188188188188,0.8454085570780584,0.09143742186323975,0.0631540210587019
82.08208208208208,0.8446333925077477,0.09184565388625067,0.0635209536060016
82.28228228228228,0.8438554856784224,0.09225499138061004,0.06388952294096756
82.48248248248248,0.8430748361685649,0.09266543034300757,0.06425973348842753
82.68268268268268,0.84229144365114,0.09307696669090855,0.06463158965795154
82.88288288288288,0.8415053078942875,0.09348959626211584,0.06500509584359669
83.08308308308308,0.840716428762016,0.093903314814332,0.06538025642365196
83.28328328328328,0.8399248062026229,0.0943181180581118,0.0657570757392653
83.48348348348348,0.8391304402439622,0.09473400167118468,0.06613555808485312
83.68368368368368,0.8383333310332415,0.09515096119162657,0.06651570777513198
83.88388388388388,0.8375334788164843,0.09556899207518402,0.06689752910833167
84.08408408408408,0.836730883938407,0.0959880896970583,0.06728102636453476
84.28428428428428,0.8359255468430912,0.09640824935152184,0.06766620380538697
84.48448448448448,0.8351174680746575,0.0968294662515347,0.0680530656738078
84.68468468468468,0.8343066482779382,0.09725173552836089,0.06844161619370087
84.88488488488488,0.8334930881991507,0.09767505223118488,0.06883185956966445
85.08508508508508,0.83267678868657,0.09809941132672796,0.06922379998670197
85.28528528528528,0.8318577506912028,0.09852480769886472,0.06961744160993245
85.4854854854855,0.8310359752674595,0.09895123614823945,0.07001278858430104
85.6856856856857,0.8302114635738282,0.09937869139188243,0.07040984503428936
85.8858858858859,0.8293842168735472,0.0998071680628266,0.07080861506362617
86.0860860860861,0.8285542365352785,0.10023666070972381,0.07120910275499769
86.2862862862863,0.8277215240337806,0.10066716379646125,0.07161131216975816
86.4864864864865,0.8268860809505817,0.10109867170177791,0.07201524734764035
86.6866866866867,0.8260479089746531,0.10153117871888101,0.0724209123064659
86.8868868868869,0.8252070099030817,0.10196467905506236,0.07282831104185594
87.0870870870871,0.8243633856378192,0.10239916683673461,0.07323744752544618
87.2872872872873,0.8235170381011351,0.10283463622673879,0.07364832567212616
87.4874874874875,0.8226679693602422,0.10327108125277865,0.07406094938697921
87.6876876876877,0.8218161816245565,0.10370849581175126,0.07447532256369231
87.8878878878879,0.8209616772128713,0.10414687371562621,0.07489144907150257
88.0880880880881,0.8201044585539639,0.10458620869115397,0.07530933275488226
88.2882882882883,0.8192445281872015,0.1050264943795745,0.075728977433224
88.4884884884885,0.8183818887631487,0.10546772433632563,0.07615038690052571
88.6886886886887,0.8175165430441725,0.10590989203075167,0.07657356492507578
88.8888888888889,0.8166484939050502,0.10635299084581175,0.07699851524913812
89.0890890890891,0.8157777443335745,0.10679701407778835,0.07742524158863719
89.2892892892893,0.814904297431161,0.10724195493599586,0.0778537476328432
89.4894894894895,0.814028156413454,0.10768780654248897,0.07828403704405702
89.6896896896897,0.8131493246109335,0.10813456193177112,0.07871611345729544
89.8898898898899,0.8122678054695208,0.10858221405050314,0.07914998047997611
90.0900900900901,0.8113836025511858,0.10903075575721156,0.07958564169160265
90.2902902902903,0.810496719534553,0.10948017982199719,0.0800231006434498
90.4904904904905,0.8096071602155082,0.10993047892624357,0.08046236085824837
90.6906906906907,0.8087149285078041,0.11038164566232543,0.08090342582987047
90.8908908908909,0.8078200284436683,0.11083367253331727,0.08134629902301445
91.0910910910911,0.8069224641213618,0.11128655201477707,0.08179098386386116
91.2912912912913,0.8060222396421373,0.1117402766289372,0.08223748372892555
91.4914914914915,0.8051193593465933,0.11219483866853908,0.08268580198486766
91.6916916916917,0.8042138277014373,0.11265023032976186,0.08313594196880081
91.8918918918919,0.8033056492913937,0.11310644372211025,0.08358790698649608
92.0920920920921,0.8023948288197007,0.11356347086825053,0.0840417003120488
92.2922922922923,0.8014813711086083,0.11402130370384661,0.08449732518754514
92.4924924924925,0.8005652810998755,0.11447993407739603,0.0849547848227286
92.6926926926927,0.7996465638552677,0.11493935375006588,0.08541408239466651
92.8928928928929,0.7987252245570545,0.11539955439552892,0.08587522104741663
93.0930930930931,0.7978012685085069,0.11586052759979955,0.08633820389169362
93.2932932932933,0.7968747011343946,0.1163222648610698,0.08680303400453564
93.4934934934935,0.7959455279814839,0.11678475758954532,0.08726971442897077
93.6936936936937,0.7950137547190349,0.11724799710728147,0.08773824817368367
93.8938938938939,0.7940793871392988,0.11771197464801923,0.08820863821268198
94.0940940940941,0.7931424311580157,0.1181766813570213,0.08868088748496293
94.2942942942943,0.7922028928149121,0.11864210829090802,0.0891549988941799
94.4944944944945,0.7912607782741977,0.11910824641749343,0.08963097530830882
94.6946946946947,0.7903160938250638,0.1195750866156213,0.09010881955931485
94.8948948948949,0.7893688458782151,0.12004261967913384,0.09058853444265107
95.0950950950951,0.7884190407738274,0.1205108365173927,0.09107012270877987
95.2952952952953,0.7874666850245048,0.12097972790239875,0.09155358707309649
95.4954954954955,0.7865117853617457,0.1214492844207142,0.09203893021754012
95.6956956956957,0.7855543486395963,0.1219194965742402,0.09252615478616358
95.8958958958959,0.784594381834991,0.12239035478021573,0.09301526338479327
96.0960960960961,0.7836318920480944,0.12286184937121669,0.09350625858068903
96.2962962962963,0.7826668865026413,0.1233339705951547,0.09399914290220407
96.4964964964965,0.781699372546279,0.12380670861527618,0.09449391883844492
96.6966966966967,0.7807293576509075,0.12428005351016125,0.0949905888389313
96.8968968968969,0.7797568494130214,0.12475399527372263,0.09548915531325607
97.0970970970971,0.7787818555540502,0.12522852381520475,0.0959896206307451
97.2972972972973,0.7778043839207003,0.12570362895918247,0.09649198712011729
97.4974974974975,0.7768244424852954,0.12617930044556033,0.09699625706914433
97.6976976976977,0.7758420393461181,0.12665552792957122,0.09750243272431076
97.8978978978979,0.7748571827277507,0.12713230098177547,0.09801051629047382
98.0980980980981,0.7738698809814168,0.12760960908805988,0.09852050993052333
98.2982982982983,0.7728801425853219,0.12808744164963645,0.09903241576504171
98.4984984984985,0.7718879761449947,0.12856578798304158,0.09954623587196379
98.6986986986987,0.7708933903936284,0.12904463732013483,0.10006197228623678
98.8988988988989,0.7698963941176925,0.1295239788800949,0.10057962700221262
99.0990990990991,0.7688969959901037,0.1300038020304759,0.10109920197942032
99.2992992992993,0.7678952050264645,0.13048409584797926,0.10162069912555632
99.4994994994995,0.7668910303912879,0.13096484930546995,0.10214412030324216
99.6996996996997,0.7658844813720848,0.13144605129727102,0.10266946733064428
99.8998998998999,0.7648755673795038,0.13192769063935483,0.10319674198114138
100.10010010010011,0.7638642979474742,0.13240975606953426,0.10372594598299154
100.30030030030031,0.7628506827333467,0.1328922362476539,0.10425708101899946
100.50050050050051,0.761834731518035,0.1333751197557813,0.10479014872618364
100.70070070070071,0.7608164542061582,0.1338583950983982,0.1053251506954437
100.90090090090091,0.7597958608261809,0.13434205070259167,0.10586208847122744
101.10110110110111,0.7587729615305564,0.13482607491824547,0.10640096355119816
101.30130130130131,0.7577477665958671,0.13531045601823113,0.10694177738590185
101.50150150150151,0.7567202864229664,0.13579518219859926,0.10748453137843439
101.70170170170171,0.7556905315371206,0.1362802415787707,0.10802922688410875
101.90190190190191,0.75465851258815,0.13676562220172783,0.10857586521012225
102.10210210210211,0.7536242403505706,0.1372513120342057,0.10912444761522372
102.30230230230231,0.752587725723736,0.1377372989668833,0.10967497530938076
102.50250250250251,0.7515489797319784,0.13822357081457473,0.11022744945344691
102.70270270270271,0.7505080135233831,0.1387101153176532,0.11078187115896376
102.90290290290291,0.7494648381042358,0.13919692038173484,0.11133824151402948
103.10310310310311,0.7484194646130305,0.13968397383101075,0.11189656155595876
103.30330330330331,0.7473719044820453,0.14017126326292442,0.11245683225503035
103.50350350350351,0.7463221692618738,0.14065877620665446,0.11301905453147186
103.70370370370371,0.7452702706213324,0.1411465001235174,0.11358322925515019
103.90390390390391,0.7442162203473677,0.14163442240737065,0.11414935724526179
104.10410410410411,0.7431600303449617,0.14212253038501524,0.11471743927002317
104.30430430430431,0.7421017126370402,0.14261081131659878,0.11528747604636116
104.50450450450451,0.7410412793643785,0.14309925239601826,0.11585946823960333
104.70470470470471,0.7399787427855089,0.1435878407513229,0.11643341646316831
104.90490490490491,0.7389141152766269,0.14407656344511705,0.11700932127825618
105.10510510510511,0.7378474093314982,0.14456540747496296,0.11758718319353889
105.30530530530531,0.7367786375613657,0.14505435977378384,0.11816700266485054
105.50550550550551,0.7357078126948559,0.1455434072102664,0.1187487800948778
105.70570570570571,0.7346349475778858,0.14603253658926396,0.11933251583285023
105.90590590590591,0.73356005517357,0.14652173465219925,0.11991821017423072
106.10610610610611,0.732483148562127,0.14701098807746724,0.1205058633604058
106.30630630630631,0.7314042409407862,0.1475002834808379,0.121095475578376
106.50650650650651,0.7303233456236945,0.1479896074158593,0.12168704696044627
106.70670670670671,0.7292404759705327,0.14847894643444837,0.12228057759501905
106.90690690690691,0.7281556451207815,0.1489682873115635,0.12287606756765503
107.10710710710711,0.7270688665907102,0.14945761654151485,0.12347351686777495
107.30730730730731,0.7259801540553055,0.14994692052239708,0.12407292542229753
107.50750750750751,0.724889521297818,0.15043618559900926,0.12467429310317274
107.70770770770771,0.7237969822094132,0.1509253980634746,0.1252776197271122
107.90790790790791,0.72270255078882,0.15141454415586045,0.12588290505531965
108.10810810810811,0.7216062411419807,0.15190361006479805,0.12649014879322132
108.30830830830831,0.7205080674817014,0.15239258192810243,0.1270993505901962
108.50850850850851,0.719408044127301,0.15288144583339236,0.1277105100393067
108.70870870870871,0.7183061855042611,0.1533701878187102,0.1283236266770288
108.90890890890891,0.7172025061438757,0.15385879387314172,0.12893869998298257
109.10910910910911,0.7160970206829014,0.154347249937436,0.12955572937966264
109.30930930930931,0.7149897438632064,0.15483554190462537,0.13017471423216834
109.50950950950951,0.7138806905314204,0.15532365562064518,0.13079565384793446
109.70970970970971,0.7127698756385851,0.1558115768849537,0.13141854747646128
109.90990990990991,0.7116573142398026,0.15629929145115212,0.13204339430904533
110.11011011011011,0.7105430214938863,0.15678678502760426,0.13267019347850945
110.31031031031031,0.70942701266301,0.1572740432780565,0.13329894405893347
110.51051051051051,0.7083093031123578,0.15776105182225772,0.1339296450653844
110.71071071071071,0.7071899072944912,0.15824779703228173,0.1345622956732271
110.91091091091091,0.7060688421834144,0.1587342633415089,0.1351968944750768
111.11111111111111,0.7049461223213307,0.1592204371269535,0.13583344055171584
111.31131131131131,0.7038217633813191,0.15970630391744992,0.13647193270123104
111.51151151151151,0.702695781127412,0.16019184920901075,0.1371123696635772
111.71171171171171,0.7015681914141991,0.16067705846548322,0.13775475012031765
111.91191191191191,0.7004390101864159,0.16116191711921649,0.13839907269436771
112.11211211211211,0.69930825347852,0.16164641057173912,0.13904533594974094
112.31231231231232,0.6981759374142543,0.16213052419444726,0.13969353839129842
112.51251251251252,0.6970420782061959,0.16261424332930324,0.14034367846450088
112.71271271271272,0.6959066921552914,0.16309755328954478,0.14099575455516375
112.91291291291292,0.6947697956503803,0.16358043936040456,0.14164976498921508
113.11311311311312,0.6936314051677033,0.1640628867998404,0.14230570803245635
113.31331331331332,0.6924915372703978,0.16454488083927596,0.1429635818903262
113.51351351351352,0.691350208607981,0.16502640668435184,0.14362338470766717
113.71371371371372,0.6902074359158176,0.1655074495156874,0.14428511456849505
113.91391391391392,0.6890632360145756,0.16598799448965285,0.14494876949577148
114.11411411411412,0.6879176258096689,0.16646802673915193,0.1456143474511792
114.31431431431432,0.6867706222906845,0.16694753137441526,0.14628184633490027
114.51451451451452,0.6856222424860313,0.1674264935154675,0.1469512639985011
114.71471471471472,0.6844725031931743,0.16790489848332105,0.1476225983235046
114.91491491491492,0.6833214215001711,0.16838273143149024,0.14829584706833865
115.11511511511512,0.6821690146308799,0.16885997745586748,0.1489710079132526
115.31531531531532,0.6810152998816106,0.1693366216399237,0.14964807847846576
115.51551551551552,0.6798602946200493,0.16981264905586368,0.15032705632408702
115.71571571571572,0.6787040162841621,0.17028804476579829,0.15100793895003964
115.91591591591592,0.677546482381075,0.1707627938229333,0.15169072379599166
116.11611611611612,0.6763877104859326,0.17123688127277537,0.15237540824129195
116.31631631631632,0.6752277182407338,0.1717102921543546,0.15306198960491157
116.51651651651652,0.674066523353145,0.1721830115014641,0.15375046514539087
116.71671671671672,0.6729041435952917,0.17265502434391633,0.15444083206079187
116.91691691691692,0.671740596802527,0.1731263157088165,0.1551330874886565
117.11711711711712,0.6705759008721776,0.17359687062185242,0.15582722850597003
117.31731731731732,0.6694100737622684,0.17406667410860147,0.15652325212913018
117.51751751751752,0.6682431334902237,0.17453571119585454,0.15722115531392175
117.71771771771772,0.6670750981315466,0.1750039669129565,0.15792093495549686
117.91791791791792,0.6659059858184758,0.1754714262931637,0.15862258788836045
118.11811811811812,0.66473581473862,0.17593807437501838,0.15932611088636162
118.31831831831832,0.6635646031335701,0.1764038962037397,0.16003150066269017
118.51851851851852,0.6623923692974889,0.17686887683263197,0.16073875386987907
118.71871871871872,0.6612191315756786,0.1773330013245093,0.16144786709981207
118.91891891891892,0.66004490836373,0.17779625474907504,0.16215883688719498
119.11911911911912,0.6588697181126869,0.1782586221397392,0.16287165974757395
119.31931931931932,0.6576935793164459,0.17872008856970412,0.16358633211385
119.51951951951952,0.656516510512278,0.1791806391397197,0.16430285034800238
119.71971971971973,0.6553385302812914,0.17964025896609798,0.16502121075261067
119.91991991991993,0.6541596572468752,0.18009893318217388,0.165741409570951
120.12012012012013,0.6529799100731191,0.18055664693978213,0.16646344298709884
120.32032032032033,0.6517993074632122,0.18101338541074935,0.1671873071260385
120.52052052052053,0.6506178681578193,0.1814691337884014,0.16791299805377935
120.72072072072073,0.6494356109334349,0.18192387728908657,0.16864051177747855
120.92092092092093,0.6482525546007151,0.18237760115371407,0.16936984424557086
121.12112112112113,0.6470687180027873,0.18283029064930792,0.17010099134790477
121.32132132132134,0.645884120013538,0.18328193107057655,0.1708339489158855
121.52152152152154,0.6446987795358778,0.18373250774149752,0.17156871272262467
121.72172172172174,0.6435127154999852,0.18418200601691812,0.17230527848309676
121.92192192192194,0.642325946861527,0.18463041128417101,0.17304364185430204
122.12212212212214,0.6411384925998578,0.1850777089647058,0.1737837984354365
122.32232232232234,0.6399503717161963,0.18552388451573562,0.17452574376806815
122.52252252252254,0.6387616032317801,0.18596892343189966,0.17526947333632026
122.72272272272274,0.6375722061859982,0.18641281124694062,0.17601498256706125
122.92292292292294,0.6363821996345006,0.18685553353539822,0.17676226683010118
123.12312312312314,0.6351916026472874,0.18729707591431766,0.17751132143839504
123.32332332332334,0.6340004343234903,0.1877374240302861,0.17826214164622362
123.52352352352354,0.6328087141672889,0.18817656322916537,0.17901472260354578
123.72372372372374,0.631616461541765,0.1886144790359646,0.1797690594222704
123.92392392392394,0.630423695676834,0.18905115714788515,0.18052514717528095
124.12412412412414,0.6292304358179256,0.18948658330369397,0.18128298087838043
124.32432432432434,0.6280367012244826,0.1899207432850484,0.182042555490469
124.52452452452454,0.626842511168447,0.19035362291782637,0.1828038659137266
124.72472472472474,0.6256478849327367,0.1907852080734618,0.18356690699380146
124.92492492492494,0.6244528418097113,0.1912154846702854,0.1843316735200033
125.12512512512514,0.6232574010996271,0.19164443867487072,0.18509816022550218
125.32532532532534,0.6220615821090818,0.19207205610338557,0.1858663617875326
125.52552552552554,0.6208654041494484,0.1924983230229489,0.18663627282760276
125.72572572572574,0.6196688865352983,0.19292322555299252,0.18740788791170923
125.92592592592594,0.6184720485828142,0.19334674986662884,0.18818120155055693
126.12612612612614,0.6172749096081925,0.19376888219202326,0.18895620819978426
126.32632632632634,0.6160774889260339,0.19418960881377234,0.1897329022601938
126.52652652652654,0.6148798058477251,0.1946089160742871,0.19051127807798787
126.72672672672674,0.6136818796798086,0.19502679037518156,0.19129132994500994
126.92692692692694,0.6124837297223424,0.19544321817866683,0.19207305209899078
127.12712712712714,0.6112853752672495,0.1958581860089503,0.1928564387238003
127.32732732732734,0.6100868355966552,0.19627168045364035,0.19364148394970448
127.52752752752754,0.6088881299812161,0.19668368816515605,0.1944281818536278
127.72772772772774,0.6076892776816394,0.19709419585919583,0.1952165264591648
127.92792792792794,0.6064902981542807,0.19750319012542655,0.19600651172029285
128.12812812812814,0.6052912108009174,0.1979106576575782,0.1967981315415045
128.32832832832833,0.6040920348994631,0.19831658531704813,0.1975913797834889
128.52852852852854,0.6028927897142141,0.1987209600313104,0.1983862502544755
128.72872872872873,0.6016934944944288,0.19912376879506857,0.19918273671050268
128.92892892892894,0.6004941684728994,0.1995249986714087,0.199980832855692
129.12912912912913,0.5992948308645235,0.19992463679295036,0.20078053234252616
129.32932932932934,0.598095500864869,0.20032267036299814,0.20158182877213296
129.52952952952953,0.5968961976487366,0.20071908665669086,0.20238471569457261
129.72972972972974,0.5956969403687176,0.20111387302215122,0.20318918660913132
129.92992992992993,0.5944977481537483,0.20150701688163372,0.20399523496461797
130.13013013013014,0.5932986401076603,0.20189850573267232,0.20480285415966742
130.33033033033033,0.5920996353077267,0.2022883271492268,0.2056120375430466
130.53053053053054,0.590900752803204,0.2026764687828287,0.20642277841396733
130.73073073073073,0.5897020116138721,0.203062918363726,0.20723507002240193
130.93093093093094,0.5885034307285669,0.20344766370202752,0.20804890556940564
131.13113113113113,0.5873050291037127,0.20383069268884565,0.20886427820744163
131.33133133133134,0.5861068256618479,0.20421199329743925,0.20968118104071296
131.53153153153153,0.5849088392901481,0.20459155358435474,0.2104996071254972
131.73173173173174,0.583711088838945,0.2049693616905672,0.21131954947048792
131.93193193193193,0.5825135931202415,0.20534540584261984,0.21214100103713865
132.13213213213214,0.5813163709063746,0.2057196743536196,0.21296395474000596
132.33233233233233,0.5801194410506808,0.20609215550866908,0.21378840344065025
132.53253253253254,0.5789228223769471,0.20646283766929627,0.21461433995375662
132.73273273273273,0.5777265335754366,0.2068317093716522,0.21544175705291135
132.93293293293294,0.5765305932948452,0.20719875923912032,0.21627064746603455
133.13313313313313,0.5753350201410058,0.2075639759832523,0.217101003875742
133.33333333333334,0.5741398326755872,0.2079273484046997,0.21793281891971314
133.53353353353353,0.5729450494147984,0.2082888653941397,0.21876608519106194
133.73373373373374,0.5717506888280894,0.20864851593319667,0.219600795238714
133.93393393393393,0.5705567693368563,0.20900628909535748,0.22043694156778637
134.13413413413414,0.5693633093131434,0.20936217404688298,0.2212745166399737
134.33433433433433,0.5681703270783496,0.20971616004771337,0.2221135128739371
134.53453453453454,0.5669778409019313,0.21006823645236922,0.22295392264569955
134.73473473473473,0.5657858690001099,0.21041839271084672,0.22379573828904353
134.93493493493494,0.564594429534576,0.21076661836950863,0.22463895209591547
135.13513513513513,0.563403540611198,0.21111290307196934,0.22548355631683273
135.33533533533534,0.5622132202787278,0.21145723655997556,0.22632954316129678
135.53553553553553,0.5610234865275096,0.21179960867428124,0.22717690479820932
135.73573573573574,0.5598343572881873,0.2121400093555181,0.22802563335629464
135.93593593593593,0.558645850430415,0.21247842864506047,0.2288757209245246
136.13613613613614,0.5574579837615645,0.21281485668588546,0.22972715955255013
136.33633633633633,0.5562707750254372,0.21314928372342767,0.23057994125113523
136.53653653653654,0.5550842419009732,0.21348170010642936,0.23143405799259753
136.73673673673676,0.55389840209435,0.2138120962082647,0.2322895016973853
136.93693693693695,0.5527132732964336,0.21414046246291377,0.2331462642406527
137.13713713713716,0.5515288730277422,0.21446678949671558,0.2340043374755423
137.33733733733735,0.5503452187423339,0.21479106803964096,0.2348637132180252
137.53753753753756,0.5491623278271498,0.21511328892557965,0.23572438324727069
137.73773773773775,0.5479802176009306,0.21543344309298762,0.2365863393060818
137.93793793793796,0.5467989053131364,0.21575152158552652,0.2374495731013372
138.13813813813815,0.5456184081428718,0.21606751555269377,0.2383140763044346
138.33833833833836,0.5444387431978154,0.2163814162504446,0.23917984055174013
138.53853853853855,0.5432599275131554,0.21669321504180475,0.24004685744503992
138.73873873873876,0.5420819780505279,0.2170029033974751,0.2409151185519971
138.93893893893895,0.540904911696962,0.21731047289642705,0.24178461540661103
139.13913913913916,0.539728745263828,0.21761591522648974,0.2426553395096824
139.33933933933935,0.538553495485792,0.217919222184928,0.24352728232928
139.53953953953956,0.537379179019774,0.2182203856790124,0.24440043530121372
139.73973973973975,0.5362058124439114,0.21851939772657958,0.24527478982950904
139.93993993993996,0.5350334122565272,0.21881625045658504,0.24615033728688784
140.14014014014015,0.5338619948751031,0.2191109361096461,0.24702706901525084
140.34034034034036,0.5326915766352568,0.2194034470385773,0.24790497632616593
140.54054054054055,0.5315221737897254,0.21969377570891604,0.24878405050135854
140.74074074074076,0.5303538025073518,0.21998191469944045,0.24966428279320785
140.94094094094095,0.5291864788720775,0.2202678567026778,0.2505456644252448
141.14114114114116,0.5280202189445846,0.22055159447843015,0.2514281865769853
141.34134134134135,0.5268550387715527,0.22083312084657614,0.25231184038187127
141.54154154154156,0.5256909542154037,0.221112428814474,0.2531966169701224
141.74174174174175,0.5245279810506234,0.22138951150446848,0.25408250744490823
141.94194194194196,0.52336613496538,0.22166436215240365,0.2549695028822165
142.14214214214215,0.5222054315607185,0.22193697410795044,0.25585759433133115
142.34234234234236,0.5210458863497599,0.22220734083492363,0.2567467728153165
142.54254254254255,0.5198875147569121,0.22247545591158674,0.2576370293315013
142.74274274274276,0.5187303321170856,0.22274131303094608,0.25852835485196834
142.94294294294295,0.5175743536749219,0.22300490600103304,0.25942074032404516
143.14314314314316,0.5164195945840256,0.2232662287451752,0.26031417667079926
143.34334334334335,0.5152660699062094,0.2235252753022559,0.26120865479153477
143.54354354354356,0.5141137946107437,0.22378203982696263,0.2621041655622938
143.74374374374375,0.5129627835736175,0.2240365165900235,0.26300069983635915
143.94394394394396,0.5118130515768053,0.22428869997843318,0.2638982484447615
144.14414414414415,0.5106646133075454,0.22453858449566666,0.2647968021967881
144.34434434434436,0.5095174833576223,0.22478616476188198,0.26569635188049584
144.54454454454455,0.5083716762226622,0.22503143551411148,0.26659688826322636
144.74474474474476,0.5072272063014336,0.22527439160644183,0.2674984020921247
144.94494494494495,0.5060840878951575,0.2255150280101822,0.2684008840946604
145.14514514514516,0.5049423352068259,0.2257533398140217,0.26930432497915247
145.34534534534535,0.5038019623405292,0.22598932222417487,0.270208715435296
145.54554554554556,0.5026629833342168,0.22622297054541052,0.27111404612037276
145.74574574574575,0.5015254121923514,0.22645428016213587,0.2720203076455128
145.94594594594597,0.5003892627482641,0.22668324661681105,0.2729274906349249
146.14614614614615,0.4992545487317329,0.22690986557105838,0.2738355856972088
146.34634634634637,0.4981212837728696,0.22713413280316808,0.27474458342396235
146.54654654654655,0.49698948140161814,0.227356044208107,0.2756544743902749
146.74674674674677,0.4958591550472614,0.22757559579751493,0.27656524915522374
146.94694694694695,0.4947303180379417,0.22779278369968717,0.27747689826237115
147.14714714714717,0.49360298360018956,0.22800760415954532,0.27838941224026514
147.34734734734735,0.49247716485846554,0.22822005353859448,0.27930278160294003
147.54754754754757,0.49135287483471135,0.22843012831486786,0.2802169968504209
147.74774774774775,0.49023012644791336,0.22863782508285857,0.2811320484692281
147.94794794794797,0.4891089325136755,0.22884314055343868,0.2820479269328859
148.14814814814815,0.48798930574380495,0.22904607155376505,0.28296462270243006
148.34834834834837,0.48687125874590637,0.22924661502717283,0.2838821262269209
148.54854854854855,0.4857548040229899,0.2294447680330557,0.28480042794395444
148.74874874874877,0.4846399539730871,0.2296405277467336,0.28571951828017933
148.94894894894895,0.4835267208888808,0.2298338914593073,0.2866393876518119
149.14914914914917,0.4824151169573429,0.23002485657750044,0.2875600264651567
149.34934934934935,0.48130515425938597,0.23021342062348846,0.2884814251171256
149.54954954954957,0.48019684476952307,0.230399581234715,0.289403573995762
149.74974974974975,0.4790902003555413,0.230583336163695,0.29032646348076374
149.94994994994997,0.4779852327905957,0.23076468327650576,0.2912500839328986
150.15015015015015,0.4768819537802314,0.2309436205497026,0.292174425670066
150.35035035035037,0.47578037488724734,0.23112014607792136,0.2930994790348313
150.55055055055055,0.47468050756348085,0.23129425807027193,0.2940252343662472
150.75075075075077,0.47358236315381713,0.23146595484962917,0.29495168199655375
150.95095095095095,0.47248595289598877,0.23163523485235263,0.29587881225165863
151.15115115115117,0.47139128792038515,0.23180209662799375,0.2968066154516211
151.35135135135135,0.4702983792498766,0.23196653883898977,0.2977350819111337
151.55155155155157,0.469207237799648,0.2321285602603449,0.2986642019400071
151.75175175175175,0.4681178743770476,0.23228815977929834,0.29959396584365405
151.95195195195197,0.46703029968144477,0.23244533639497952,0.30052436392357573
152.15215215215215,0.46594452430410344,0.23260008921805,0.30145538647784664
152.35235235235237,0.46486055872806425,0.23275241747033298,0.3023870238016028
152.55255255255256,0.46377841332804237,0.23290232048442921,0.3033192661875284
152.75275275275277,0.4626980983703342,0.23304979770332052,0.30425210392634533
152.95295295295296,0.46161962401273937,0.23319484867995968,0.305185527307301
153.15315315315317,0.46054300030449213,0.23333747307684813,0.30611952661865977
153.35335335335336,0.45946823718620755,0.2334776706655999,0.30705409214819257
153.55355355355357,0.4583953444898375,0.23361544132649326,0.30798921418366926
153.75375375375376,0.45732433193864125,0.23375078504800886,0.3089248830133499
153.95395395395397,0.45625520914716583,0.2338837019263553,0.3098610889264789
154.15415415415416,0.455187985621241,0.23401419216498132,0.31079782221377766
154.35435435435437,0.4541226707583181,0.23414225608116637,0.3117350731605155
154.55455455455456,0.4530592738488476,0.23426789413436108,0.31267283201679136
154.75475475475477,0.4519978040733494,0.234391106862806,0.3136110890638446
154.95495495495496,0.45093827050350443,0.234511894905247,0.3145498345912486
155.15515515515517,0.4498806821024758,0.2346302590060655,0.31548905889145873
155.35535535535536,0.4488250477249794,0.234746200014763,0.31642875226025763
155.55555555555557,0.4477713761173644,0.23485971888543397,0.3173689049972016
155.75575575575576,0.4467196759177086,0.23497081667622643,0.3183095074060649
155.95595595595597,0.4456699556559233,0.2350794945487911,0.3192505497952856
156.15615615615616,0.4446222237538729,0.23518575376771805,0.320192022478409
156.35635635635637,0.4435764885255047,0.2352895956999622,0.32113391577453315
156.55655655655656,0.44253275817699284,0.23539102181425597,0.3220762200087512
156.75675675675677,0.44149104080689267,0.235490033680511,0.3230189255125963
156.95695695695696,0.44045134440630934,0.23558663296920712,0.32396202262448354
157.15715715715717,0.4394136768590763,0.23568082145077,0.32490550169015375
157.35735735735736,0.43837804594194874,0.2357726009949364,0.32584935306311485
157.55755755755757,0.4373444593248067,0.23586197357010813,0.32679356710508517
157.75775775775776,0.43631292457087284,0.23594894124269328,0.3277381341864339
157.95795795795797,0.43528344913694,0.23603350617643631,0.3286830446866237
158.15815815815816,0.4342560403736136,0.23611567063173577,0.32962828899465063
158.35835835835837,0.4332307055255639,0.23619543696495027,0.3305738575094858
158.55855855855856,0.43220745173179276,0.2362728076276924,0.33151974064051487
158.75875875875877,0.4311862860203625,0.2363477851768321,0.33246592880280534
158.95895895895896,0.4301672152689847,0.23642037235049324,0.3334124123805221
159.15915915915917,0.4291502462802986,0.23649057192241646,0.33435918179728497
159.35935935935936,0.4281353857618141,0.2365583867405772,0.33530622749760874
159.55955955955957,0.42712264031597197,0.2366238197462581,0.3362535399377699
159.75975975975976,0.42611201644044594,0.23668687397334606,0.337201109586208
159.95995995995997,0.42510352052845335,0.23674755254761867,0.33814892692392795
160.16016016016016,0.4240971588690806,0.2368058586860201,0.3390969824448993
160.36036036036037,0.4230929376476171,0.23686179569592644,0.34004526665645646
160.56056056056056,0.4220908629459033,0.2369153669744005,0.3409937700796962
160.76076076076077,0.4210909407426882,0.23696657600743612,0.3419424832498757
160.96096096096096,0.4200931769140004,0.2370154263691918,0.34289139671680785
161.16116116116117,0.4190975772335285,0.23706192172121393,0.34384050104525754
161.36136136136136,0.41810414737301554,0.23710606581164947,0.34478978681533495
161.56156156156158,0.4171128929026624,0.23714786247444794,0.3457392446228897
161.76176176176176,0.4161238192915452,0.23718731562855289,0.34668886507990193
161.96196196196198,0.415136931908042,0.2372244292770831,0.3476386388148749
162.16216216216216,0.4141522360202735,0.2372592075065028,0.3485885564732237
162.36236236236238,0.4131697367965523,0.2372916544857818,0.34953860871766596
162.56256256256256,0.4121894393058469,0.2373217744655446,0.3504887862286085
162.76276276276278,0.4112113485182547,0.23734957177720933,0.351439079704536
162.96296296296296,0.4102354693054882,0.2373750508321161,0.3523894798623957
163.16316316316318,0.4092618064413715,0.23739821612064452,0.35333997743798395
163.36336336336336,0.4082903646023499,0.237419072211321,0.3542905631863291
163.56356356356358,0.4073211483680089,0.2374376237499154,0.3552412278820757
163.76376376376376,0.4063541622216075,0.237453875458527,0.35619196231986555
163.96396396396398,0.4053894105104208,0.23746783219637987,0.3571427572931993
164.16416416416416,0.4044268973839749,0.23747949905457394,0.3580936035614511
164.36436436436438,0.4034666269999221,0.2374888810399154,0.35904449196016247
164.56456456456456,0.40250860342861006,0.23749598322136967,0.3599954133500202
164.76476476476478,0.401552830644334,0.23750081074343005,0.36094635861223595
164.96496496496496,0.40059931252583114,0.23750336882530523,0.3618973186488636
165.16516516516518,0.3996480528567832,0.23750366276009963,0.36284828438311717
165.36536536536536,0.39869905532633004,0.23750169791398604,0.36379924675968384
165.56556556556558,0.39775232352959156,0.23749747972537075,0.36475019674503767
165.76576576576576,0.39680786096820025,0.2374910137040511,0.3657011253277486
165.96596596596598,0.3958656710508423,0.23748230543036575,0.36665202351879195
166.16616616616616,0.3949257570938095,0.23747136055433704,0.36760288235185345
166.36636636636638,0.3939881223215593,0.23745818479480618,0.3685536928836345
166.56656656656656,0.39305276986728627,0.2374427839385607,0.369504446194153
166.76676676676678,0.39211970277350083,0.23742516383945428,0.37045513338704483
166.96696696696696,0.3911889239926203,0.23740533041751952,0.37140574558986017
167.16716716716718,0.3902604363875665,0.23738328965807257,0.3723562739543609
167.36736736736736,0.3893342427323764,0.23735904761081061,0.373306709656813
167.56756756756758,0.38841034571281835,0.2373326103889018,0.3742570438982798
167.76776776776777,0.38748874792702226,0.23730398416806747,0.3752072679049102
167.96796796796798,0.3865694518861153,0.23727317518565708,0.3761573729282276
168.16816816816817,0.3856524600148703,0.23724018973971536,0.37710735024541436
168.36836836836838,0.3847377746523616,0.23720503418804212,0.37805719115959624
168.56856856856857,0.3838253980526323,0.23716771494724448,0.37900688700012314
168.76876876876878,0.38291533238536923,0.2371282384917816,0.3799564291228491
168.96896896896897,0.3820075797365893,0.23708661135300177,0.3809058089104089
169.16916916916918,0.3811021420097669,0.2370428402395812,0.3818550177506519
169.36936936936937,0.38019902096852737,0.23699693198534708,0.38280404704612553
169.56956956956958,0.3792982184110676,0.2369488933364788,0.3837528882524536
169.76976976976977,0.3783997360522207,0.2368987310952053,0.3847015328525739
169.96996996996998,0.37750357552338987,0.2368464521197788,0.38564997235683124
170.17017017017017,0.37660973837315304,0.23679206332363667,0.38659819830321024
170.37037037037038,0.375718226067873,0.23673557167455828,0.3875462022575687
170.57057057057057,0.3748290399923164,0.23667698419381802,0.38849397581386547
170.77077077077078,0.37394218145027824,0.23661630795533337,0.38944151059438836
170.970970970971,0.3730576516652143,0.23655355008480877,0.39038879824997685
171.17117117117118,0.37217545178088046,0.2364887177588752,0.3913358304602443
171.3713713713714,0.3712955828619786,0.2364218182042248,0.3922825989337965
171.57157157157158,0.3704180458948106,0.2363528586967418,0.3932290954084475
171.7717717717718,0.369542841787938,0.2362818465606282,0.3941753116514337
171.97197197197198,0.36866997137285035,0.2362087891675257,0.3951212394596239
172.1721721721722,0.36779943540463866,0.23613369393563274,0.39606687065972856
172.37237237237238,0.3669312345626781,0.23605656832881736,0.39701219710850444
172.5725725725726,0.36606536945131585,0.23597741985572543,0.39795721069295864
172.77277277277278,0.36520184060056726,0.23589625606888465,0.39890190333054804
172.972972972973,0.364340648466818,0.2358130845638038,0.3998462669693781
173.17317317317318,0.363481793433535,0.23572791297806794,0.400790293588397
173.3733733733734,0.36262527581198173,0.23564074899042886,0.40173397519758935
173.57357357357358,0.3617710958419439,0.2355516003198912,0.40267730383816486
173.7737737737738,0.3609192536924588,0.23546047472479417,0.403620271582747
173.97397397397398,0.36006974946255466,0.2353673800018888,0.40456287053555645
174.1741741741742,0.35922258317832023,0.23527232398952413,0.4055050928321556
174.37437437437438,0.3583777546377169,0.2351753147412814,0.4064469306210017
174.5745745745746,0.35753526361664356,0.23507636029521045,0.40738837608814593
174.77477477477478,0.3566951098978004,0.2349754686414369,0.4083294214607626
174.974974974975,0.3558572931942364,0.23487264780766542,0.40927005899809815
175.17517517517518,0.3550218131499846,0.2347679058583939,0.41021028099162143
175.3753753753754,0.3541886693406997,0.23466125089412626,0.411150079765174
175.57557557557558,0.3533578612743022,0.2345526910505836,0.4120894476751142
175.7757757757758,0.3525293883916248,0.2344422344979141,0.41302837711046114
175.97597597597598,0.35170325006706493,0.23432988943990146,0.41396686049303355
176.1761761761762,0.35087944560924034,0.23421566411317193,0.4149048902775877
176.37637637637638,0.35005797426165,0.23409956678639993,0.41584245895195004
176.5765765765766,0.34923883520333837,0.23398160575951202,0.4167795590371496
176.77677677677679,0.34842202754956547,0.23386178936288995,0.41771618308754455
176.976976976977,0.3476075503524793,0.23374012595657176,0.4186523236909489
177.17717717717719,0.34679540260179503,0.2336166239294518,0.41958797346875315
177.3773773773774,0.345985583225476,0.2334912916984791,0.42052312507604483
177.57757757757759,0.3451780910904216,0.23336413770785464,0.42145777120172373
177.7777777777778,0.344372925003157,0.23323517042822672,0.42239190456861625
177.977977977978,0.34357008371052983,0.23310439835588545,0.4233255179335847
178.1781781781782,0.34276956590040875,0.23297183001195534,0.42425860408763594
178.3783783783784,0.3419713702023883,0.23283747394158677,0.42519115585602485
178.5785785785786,0.341175495188497,0.23270133871314597,0.42612316609835704
178.7787787787788,0.34038193937391026,0.23256343291740347,0.42705462770868624
178.978978978979,0.3395907012176673,0.2324237651667213,0.42798553361561137
179.1791791791792,0.3388017791233933,0.23228234409423867,0.428915876782368
179.3793793793794,0.33801517141987736,0.23213917837328701,0.4298456502068356
179.5795795795796,0.33723087622585435,0.23199427685308652,0.4307748469210591
179.7797797797798,0.33644889171141756,0.23184764829616628,0.43170345999241616
179.97997997998,0.3356692160252945,0.23169930145131346,0.43263148252339206
180.1801801801802,0.33489184726131743,0.23154924508716568,0.4335589076515169
180.3803803803804,0.33411678345903917,0.2313974879915222,0.4344857285494386
180.5805805805806,0.33334402260434826,0.23124403897065565,0.4354119384249961
180.7807807807808,0.33257356263008836,0.2310889068486251,0.4363375305212865
180.980980980981,0.3318054014166776,0.23093210046659013,0.4372624981167323
181.1811811811812,0.33103953679273124,0.2307736286821259,0.4381868345251429
181.3813813813814,0.33027596653568536,0.23061350036853911,0.4391105330957755
181.5815815815816,0.32951468837242337,0.23045172441418546,0.44003358721339114
181.7817817817818,0.32875569997990317,0.23028830972178743,0.4409559902983094
181.981981981982,0.3279989989857876,0.23012326520775386,0.44187773580645856
182.1821821821822,0.32724458296907544,0.2299565998014999,0.44279881722942466
182.3823823823824,0.32649244946073597,0.22978832244476854,0.44371922809449543
182.5825825825826,0.3257425959443434,0.2296184420909528,0.44463896196470376
182.7827827827828,0.32499501985671536,0.22944696770441914,0.4455580124388655
182.982982982983,0.3242497185885512,0.22927390825983174,0.44647637315161703
183.1831831831832,0.3235066894850744,0.22909927274147823,0.4473940377734474
183.3833833833834,0.32276592984667457,0.22892307014259575,0.4483110000107297
183.5835835835836,0.3220274369295537,0.22874530946469884,0.44922725360574745
183.7837837837838,0.3212912079463721,0.22856599971690775,0.45014279233672017
183.983983983984,0.32055724006689823,0.2283851499152781,0.4510576100178237
184.1841841841842,0.31982553041865863,0.22820276908213147,0.45197170049920987
184.3843843843844,0.3190960760875917,0.2280188662453871,0.4528850576670212
184.5845845845846,0.3183688740767534,0.22783345047552925,0.4537976754477174
184.7847847847848,0.31764392124689333,0.2276465309388446,0.4547095478142621
184.984984984985,0.31692121452326666,0.22745811671180005,0.4556206687649333
185.1851851851852,0.31620075079845955,0.22726821686815468,0.45653103233338577
185.3853853853854,0.31548252692417356,0.22707684048626084,0.45744063258956563
185.5855855855856,0.31476653971178176,0.22688399664849962,0.4583494636397186
185.7857857857858,0.3140527859328837,0.22668969444071888,0.45925751962639744
185.985985985986,0.3133412623198615,0.22649394295167455,0.46016479472846394
186.1861861861862,0.3126319655664342,0.2262967512724742,0.4610712831610916
186.3863863863864,0.31192489232821397,0.22609812849602393,0.4619769791757621
186.5865865865866,0.31122003922326047,0.2258980837164776,0.4628818770602619
186.7867867867868,0.3105174028326367,0.22569662602868948,0.46378597113867387
186.986986986987,0.309816979700963,0.2254937645276689,0.4646892557713681
187.1871871871872,0.30911876633697327,0.22528950830803868,0.46559172535498805
187.3873873873874,0.3084227592140686,0.22508386646349554,0.46649337432243587
187.5875875875876,0.30772895477087303,0.22487684808627387,0.4673941971428531
187.7877877877878,0.30703734941178756,0.224668462266612,0.46829418832160047
187.987987987988,0.3063479395075453,0.22445871809222154,0.46919334240023314
188.1881881881882,0.30566072139576556,0.22424762464775935,0.4700916539564751
188.3883883883884,0.3049756913815089,0.22403519101430242,0.4709891176041887
188.5885885885886,0.3042928457378309,0.22382142626882548,0.47188572799334366
188.7887887887888,0.3036121807063371,0.22360633948368172,0.47278147980998114
188.988988988989,0.3029336924977369,0.22338993972608576,0.47367636777617733
189.1891891891892,0.30225737729239793,0.22317223605760017,0.4745703866500019
189.3893893893894,0.30158323124089986,0.2229532375336241,0.475463531225476
189.5895895895896,0.30091125046458905,0.2227329532028853,0.47635579633252567
189.7897897897898,0.3002414309989625,0.2225113921499597,0.47724717685107776
189.98998998999,0.299573768821325,0.22228856347437184,0.47813766770430316
190.1901901901902,0.2989082599456966,0.22206447621908457,0.4790272638352189
190.3903903903904,0.2982449003575652,0.22183913941952418,0.47991596022291066
190.5905905905906,0.2975836860140837,0.22161256210335395,0.48080375188256236
190.7907907907908,0.2969246128445459,0.22138475329004204,0.481690633865412
190.990990990991,0.29626767675086,0.2211557219904326,0.4825766012587074
191.1911911911912,0.2956128736080217,0.22092547720632108,0.4834616491856572
191.3913913913914,0.29496019926458433,0.22069402793003334,0.4843457728053823
191.5915915915916,0.2943096495431296,0.22046138314400882,0.4852289673128616
191.7917917917918,0.2936612202407343,0.2202275518203871,0.48611122793887857
191.991991991992,0.2930149071294382,0.21999254292059922,0.4869925499499626
192.1921921921922,0.29237070595670756,0.21975636539496182,0.48787292864833065
192.3923923923924,0.2917286124459002,0.21951902818227617,0.4887523593718236
192.5925925925926,0.2910886222967264,0.21928054020943036,0.4896308374938433
192.7927927927928,0.29045073118571,0.21904091039100582,0.49050835842328416
192.992992992993,0.28981493476664727,0.21880014762888741,0.4913849176044653
193.1931931931932,0.2891812286710646,0.21855826081187787,0.49226051051705755
193.3933933933934,0.2885496085086742,0.21831525881531538,0.4931351326760104
193.5935935935936,0.2879200698678293,0.21807115050069598,0.4940087796314747
193.7937937937938,0.2872926083159764,0.21782594471529895,0.49488144696872466
193.993993993994,0.28666721940010764,0.21757965029181686,0.4957531303080755
194.1941941941942,0.2860438986472102,0.2173322760479889,0.49662382530480087
194.3943943943944,0.2854226415647154,0.2170838307862386,0.497493527649046
194.5945945945946,0.28480344364094534,0.21683432329331484,0.4983622330657398
194.7947947947948,0.28418630034421116,0.21658376234062945,0.49922993731515947
194.994994994995,0.2835712070719472,0.2163321567102448,0.5000966362178081
195.1951951951952,0.28295815921995227,0.2160795151592109,0.500962325620837
195.3953953953954,0.282347152190212,0.21582584641543226,0.5018270013943558
195.5955955955956,0.2817381813666918,0.21557115918998165,0.5026906594433266
195.7957957957958,0.2811312421157261,0.2153154621767891,0.5035532957074849
195.995995995996,0.280526329786407,0.21505876405233573,0.5044149061612573
196.1961961961962,0.27992343971096945,0.21480107347535138,0.5052754868136792
196.3963963963964,0.27932256720517484,0.2145423990865172,0.506135033708308
196.5965965965966,0.27872370756869114,0.21428274950817192,0.506993542923137
196.7967967967968,0.278126856085472,0.2140221333440231,0.507851010570505
196.996996996997,0.27753200802413236,0.2137605591788622,0.5087074327970056
197.1971971971972,0.27693915863832236,0.2134980355782844,0.5095628057833933
197.3973973973974,0.2763483031670983,0.2132345710884124,0.5104171257444894
197.5975975975976,0.27575943683529214,0.21297017423562495,0.5112703889290829
197.7977977977978,0.27517255485387726,0.21270485352628926,0.5121225916198335
197.997997997998,0.2745876524203333,0.21243861744649822,0.5129737301331686
198.1981981981982,0.2740047247190073,0.21217147446181162,0.5138238008191812
198.3983983983984,0.2734237669214738,0.21190343301700196,0.5146728000615243
198.5985985985986,0.27284477418689124,0.21163450153580432,0.5155207242773046
198.7987987987988,0.272267741662357,0.21136468842067097,0.5163675699169721
198.998998998999,0.2716926644832593,0.21109400205252973,0.5172133334642111
199.1991991991992,0.27111953777362746,0.21082245079054748,0.5180580114358252
199.3993993993994,0.270548356646479,0.21055004297189717,0.5189016003816239
199.5995995995996,0.26997911620416537,0.21027678691152982,0.5197440968843049
199.7997997997998,0.2694118115387138,0.21000269090195048,0.5205854975593358
200.0,0.26884643772852934,0.20972776321275505,0.5214257990587157
