0.0,0.5,0.5,0.0
0.2002002002002002,0.4750449808766828,0.5229070733844556,0.0020479457388615442
0.4004004004004004,0.4503082561064384,0.5455047131728008,0.004187030720760628
0.6006006006006006,0.4259037718263561,0.5676804395981233,0.006415788575520021
0.8008008008008008,0.4019389711101507,0.5893287128344145,0.008732316055434104
1.001001001001001,0.3785130613922801,0.6103526345318491,0.011134304075870021
1.2012012012012012,0.35571552246826726,0.6306654021709581,0.013619075360773798
1.4014014014014016,0.33362497788015266,0.6501913949430941,0.01618362717675244
1.6016016016016017,0.3123084480268336,0.6688668743338567,0.018824677639308993
1.8018018018018018,0.29182093828222205,0.6866403477808488,0.021538713936928463
2.002002002002002,0.27220545933354595,0.703472498845341,0.02432204182111226
2.2022022022022023,0.25349328274318755,0.7193358836820747,0.027170833574737072
2.4024024024024024,0.23570447436080194,0.7342143514400246,0.030081174199172788
2.6026026026026026,0.21884867317746365,0.7481022214697484,0.03304910535278726
2.802802802802803,0.20292602204052804,0.761003312630215,0.0360706653292562
3.0030030030030033,0.1879282018452601,0.7729298732032448,0.0391419249514944
3.2032032032032034,0.17383952707544675,0.7839014538446967,0.0422590190798559
3.4034034034034035,0.1606380551282997,0.7939437712741655,0.04541817359753411
3.6036036036036037,0.1482966822596574,0.8030875899077594,0.04861572783258241
3.8038038038038042,0.1367841735156892,0.8113676738389817,0.05184815264532834
4.004004004004004,0.12606612217222662,0.8188218135083125,0.055112064319460086
4.2042042042042045,0.11610585238764312,0.8254899124869827,0.058404235125373495
4.404404404404405,0.10686519614540423,0.8314132038356922,0.061721600018902825
4.604604604604605,0.09830517648482234,0.8366335629981958,0.06506126051698109
4.804804804804805,0.09038660235022083,0.8411929115840023,0.06842048606577611
5.005005005005005,0.0830705609510987,0.8451327258271654,0.0717967132217352
5.205205205205205,0.07631882535597871,0.8484936315706059,0.07518754307341463
5.405405405405406,0.07009418159299134,0.851315081333181,0.078590737073827
5.605605605605606,0.06436068216915702,0.8536351059513168,0.08200421187952554
5.805805805805806,0.0590838364246844,0.8554901303209268,0.08542603325438809
6.0060060060060065,0.05423074493082716,0.8569148456908426,0.08885440937832956
6.206206206206207,0.04977018599365681,0.8579421302409804,0.0922876837653621
6.406406406406407,0.04567266680046525,0.8586030053969635,0.09572432780257044
6.606606606606607,0.04191043596387143,0.8589266306358295,0.09916293340029836
6.806806806806807,0.03845747359577175,0.8589403209038167,0.10260220550041084
7.007007007007007,0.0352894586718908,0.8586695865402243,0.10604095478788408
7.207207207207207,0.03238372202423366,0.8581381874085193,0.10947809056724624
7.407407407407407,0.02971918455496708,0.8573682015742812,0.11291261387075097
7.6076076076076085,0.027276290458875356,0.8563800986209852,0.11634361092013865
7.807807807807809,0.025036929717997362,0.8551928235016472,0.11977024678035468
8.008008008008009,0.02298436261349696,0.8538238779043194,0.12319175948218293
8.208208208208209,0.02110313695240349,0.8522894086845165,0.12660745436307924
8.408408408408409,0.019379011161730682,0.8506042899664776,0.1300166988717909
8.608608608608609,0.017798872108777886,0.848782210311992,0.13341891757922936
8.80880880880881,0.016350660877125854,0.8468357514788569,0.1368135876440163
9.00900900900901,0.015023295671632204,0.8447764698326867,0.14020023449568017
9.20920920920921,0.013806606048719142,0.842614965988145,0.14357842796313502
9.40940940940941,0.01269125770210723,0.8403609638154125,0.1469477784824795
9.60960960960961,0.01166869359453892,0.8380233726225382,0.1503079337829219
9.80980980980981,0.010731071715651148,0.8356103525399222,0.1536585757444258
10.01001001001001,0.009871209129812585,0.8331293733498507,0.15699941752033583
10.21021021021021,0.00908252976629442,0.8305872693403352,0.1603302008933695
10.41041041041041,0.008359013397355921,0.8279902927823665,0.16365069382027675
10.61061061061061,0.007695152285158351,0.8253441595007538,0.16696068821408683
10.810810810810812,0.007085906563812516,0.8226540955670963,0.1702599978690902
11.011011011011012,0.006526666722173679,0.8199248766994301,0.17354845657839527
11.211211211211213,0.006013216769359362,0.8171608667939398,0.1768259164366999
11.411411411411413,0.005541701503343641,0.8143660522500533,0.18009224624660208
11.611611611611613,0.00510859540679676,0.8115440745224967,0.18334733007070575
11.811811811811813,0.004710674508096077,0.8086982595889612,0.1865910659029418
12.012012012012013,0.00434499083635937,0.8058316446943734,0.18982336446926634
12.212212212212213,0.004008848581229953,0.8029470032930298,0.19304414812573942
12.412412412412413,0.003699782455132515,0.800046867705082,0.19625334983978465
12.612612612612613,0.003415537826964686,0.7971335498901808,0.19945091228285375
12.812812812812814,0.0031540524231170957,0.7942091606294136,0.20263678694746848
13.013013013013014,0.0029134397022440458,0.7912756268840002,0.20581093341375495
13.213213213213214,0.0026919738059633922,0.7883347075438567,0.20897331865017904
13.413413413413414,0.0024880759089463203,0.7853880077420264,0.21212391634902636
13.613613613613614,0.0023003003791417834,0.7824369932959195,0.2152627063249378
13.813813813813814,0.0021273247524754633,0.7794830012153049,0.2183896740322188
14.014014014014014,0.001967938915986474,0.7765272510209038,0.22150481006310885
14.214214214214214,0.0018210331453559056,0.7735708572588427,0.22460810959580058
14.414414414414415,0.0016855927319080776,0.7706148351211667,0.22769957214692435
14.614614614614615,0.0015606876035989205,0.7676601113085243,0.23077920108787595
14.814814814814815,0.0014454651163529012,0.7647075315739437,0.23384700330970257
15.015015015015017,0.001339145160081648,0.7617578658432302,0.23690298899668724
15.215215215215217,0.0012410114851072534,0.7588118172934937,0.23994717122139825
15.415415415415417,0.0011504079455870984,0.7558700262853159,0.24297956576909624
15.615615615615617,0.001066733320941531,0.7529330757835248,0.24600019089553285
15.815815815815817,0.0009894351020243795,0.7500014978614794,0.24900906703649534
16.016016016016017,0.0009180072549625715,0.7470757760439345,0.25200621670110224
16.216216216216218,0.0008519848709455428,0.7441563509067528,0.25499166422230085
16.416416416416418,0.0007909410231838192,0.7412436233687671,0.2579654356080483
16.616616616616618,0.0007344849340389148,0.7383379566138029,0.2609275584521575
16.816816816816818,0.0006822573657946449,0.7354396809152965,0.26387806171890804
17.017017017017018,0.0006339269462832416,0.7325490974834122,0.26681697557030376
17.217217217217218,0.000589190418099113,0.7296664782092945,0.2697443313726056
17.41741741741742,0.0005477691532554845,0.7267920693137455,0.2726601615329982
17.61761761761762,0.0005094059374241602,0.7239260947131743,0.2755644993494008
17.81781781781782,0.00047386507468700893,0.7210687559155069,0.27845737900980533
18.01801801801802,0.00044093008285181896,0.7182202344335619,0.28133883548358557
18.21821821821822,0.0004104007983226337,0.7153806948155692,0.28420890438610746
18.41841841841842,0.00038209358259888636,0.7125502844332702,0.28706762198413016
18.61861861861862,0.0003558397679472007,0.7097291351105924,0.2899150251214596
18.81881881881882,0.00033148328602966554,0.7069173656077433,0.2927511511062262
19.01901901901902,0.0003088806253436729,0.7041150816681121,0.2955760377065434
19.21921921921922,0.00028789987954947713,0.7013223770165112,0.29838972310393835
19.41941941941942,0.00026841911725345526,0.6985393350654573,0.30119224581728826
19.61961961961962,0.00025032599990654225,0.6957660293179188,0.3039836446821737
19.81981981981982,0.00023351717012231685,0.6930025240096352,0.3067639588202415
20.02002002002002,0.00021789737616826238,0.6902488750266026,0.3095332275972282
20.22022022022022,0.00020337818594760035,0.6875051312532794,0.31229149056077204
20.42042042042042,0.0001898785268419781,0.6847713340083303,0.3150387874648268
20.62062062062062,0.0001773233456810083,0.6820475184486421,0.3177751582056759
20.82082082082082,0.00016564318747583793,0.6793337140114799,0.3205006428010433
21.02102102102102,0.00015477429364270539,0.676629944313262,0.3232152813930944
21.22122122122122,0.0001446579534787228,0.6739362278293488,0.32591911421717146
21.421421421421424,0.00013523941150148943,0.6712525790378879,0.32861218155060967
21.621621621621625,0.00012646812608188665,0.6685790081512885,0.3312945237226287
21.821821821821825,0.00011829728417827157,0.6659155216252184,0.33396618109060244
22.022022022022025,0.0001106837410180935,0.6632621222210887,0.3366271940378922
22.222222222222225,0.00010358786809597962,0.6606188091652719,0.3392776029666311
22.422422422422425,9.697257552910395e-05,0.6579855791757817,0.3419174482486883
22.622622622622625,9.080331466684963e-05,0.6553624264591427,0.3445467702261895
22.822822822822825,8.504881958419468e-05,0.6527493419318215,0.34716560924859335
23.023023023023026,7.967992590405366e-05,0.6501463144600228,0.3497740056140722
23.223223223223226,7.466932072719793e-05,0.6475533311220356,0.35237199955723625
23.423423423423426,6.999179258819484e-05,0.644970376946054,0.3549596312613569
23.623623623623626,6.56243511720338e-05,0.6423974347847236,0.3575369408641034
23.823823823823826,6.154532650341611e-05,0.6398344862599655,0.36010396841353015
24.024024024024026,5.7734477709873e-05,0.6372815116489055,0.36266075387338376
24.224224224224226,5.4173420814124294e-05,0.6347384894338735,0.36520733714531156
24.424424424424426,5.0845013656319374e-05,0.6322053969485301,0.36774375803781273
24.624624624624627,4.773316189765698e-05,0.6296822105814046,0.37027005625669684
24.824824824824827,4.482305364790044e-05,0.627168905528991,0.3727862714173602
25.025025025025027,4.2101289482960574e-05,0.6246654556587931,0.3752924430517231
25.225225225225227,3.955503504925458e-05,0.6221718343994573,0.37778861056549257
25.425425425425427,3.717219199174838e-05,0.6196880145608286,0.3802748132471788
25.625625625625627,3.494127937305264e-05,0.6172139684582283,0.38275109026239773
25.825825825825827,3.285178231811238e-05,0.6147496675453297,0.3852174806723513
26.026026026026027,3.089494045740664e-05,0.6122950815844828,0.3876740234750589
26.226226226226228,2.9061937566331123e-05,0.6098501805502824,0.3901207575121504
26.426426426426428,2.7344437126276786e-05,0.607414934065857,0.39255772149701584
26.626626626626628,2.5734548585732587e-05,0.604989311437909,0.39498495401350436
26.826826826826828,2.422494817227407e-05,0.602573281529266,0.3974024935225608
27.027027027027028,2.28094716109441e-05,0.6001668121352488,0.3998103783931393
27.227227227227228,2.1482008998815428e-05,0.5977698711452295,0.40220864684577073
27.42742742742743,2.023675818529573e-05,0.5953824262757949,0.40459733696601896
27.62762762762763,1.9068223698919805e-05,0.5930044450714533,0.4069764867048468
27.82782782782783,1.7971252094960935e-05,0.5906358948670727,0.4093461338808315
28.02802802802803,1.694147671264619e-05,0.5882767423199514,0.41170631620333503
28.22822822822823,1.5974611528577126e-05,0.5859269541517026,0.41405707123676794
28.42842842842843,1.5066556291969267e-05,0.5835864970373301,0.416398436406377
28.62862862862863,1.4213416204178751e-05,0.5812553375841363,0.41873044899965867
28.82882882882883,1.3411510615627996e-05,0.5789334423219487,0.42105314616743483
29.02902902902903,1.2657767239397194e-05,0.5766207772862644,0.4233665649464954
29.22922922922923,1.1949199878658431e-05,0.5743173085691505,0.42567074223096996
29.42942942942943,1.1282935582055484e-05,0.5720230022899814,0.4279657147744357
29.62962962962963,1.0656259997078572e-05,0.5697378245469582,0.43025151919304383
29.82982982982983,1.0066251421733965e-05,0.5674617417913527,0.4325281919572247
30.030030030030034,9.511631423178415e-06,0.5651947189283858,0.43479576944019005
30.230230230230234,8.989521293742588e-06,0.562936722641498,0.43705428783720734
30.430430430430434,8.497973847559048e-06,0.5606877188024867,0.4393037832236648
30.630630630630634,8.035103692810804e-06,0.5584476733600305,0.4415442915362757
30.830830830830834,7.599092939519727e-06,0.5562165523336392,0.4437758485734203
31.031031031031034,7.188378186749635e-06,0.5539943216154697,0.4459984900063426
31.231231231231234,6.8014569302134915e-06,0.5517809471755107,0.44821225136755816
31.431431431431434,6.43684165880496e-06,0.5495763951102354,0.45041716804810483
31.631631631631635,6.093125759976185e-06,0.5473806315727493,0.45261327530148976
31.831831831831835,5.76898351973779e-06,0.5451936227727903,0.45480060824368906
32.032032032032035,5.46317017806374e-06,0.5430153349766548,0.4569792018531662
32.232232232232235,5.174570324734608e-06,0.5408457344429232,0.45914909098675116
32.432432432432435,4.902171825997454e-06,0.5386847874570873,0.46131031037108583
32.632632632632635,4.645019228832687e-06,0.5365324603934356,0.46346289458733464
32.832832832832835,4.402244029073903e-06,0.5343887196748534,0.4656068780811166
33.033033033033036,4.173064671407892e-06,0.532253531772823,0.4677422951625047
33.233233233233236,3.956786549374633e-06,0.5301268632074233,0.46986918000602645
33.433433433433436,3.7526443672771187e-06,0.5280086806970771,0.4719875666585548
33.633633633633636,3.5597398261930975e-06,0.5258989512177451,0.47409748904242777
33.833833833833836,3.3774161932496628e-06,0.5237976416471082,0.4761989809366977
34.034034034034036,3.2050779776563634e-06,0.5217047189358635,0.478292075986158
34.234234234234236,3.0421875107082547e-06,0.5196201501109741,0.48037680770151436
34.434434434434436,2.888264945785903e-06,0.5175439022756684,0.4824532094593849
34.63463463463464,2.742820774878618e-06,0.5154759426699477,0.4845213145092765
34.83483483483484,2.6052217148131455e-06,0.5134162387908352,0.48658115598744905
35.03503503503504,2.4750009518289024e-06,0.511364758114204,0.4886327668848432
35.23523523523524,2.3517412347291604e-06,0.5093214681995987,0.4906761800591657
35.43543543543544,2.235062961976558e-06,0.507286336700916,0.492711428236121
35.63563563563564,2.1246241816931003e-06,0.5052593313664059,0.49473854400941153
35.83583583583584,2.020100576567868e-06,0.5032404200539705,0.49675755984545206
36.03603603603604,1.921082774685685e-06,0.5012295708096648,0.4987685081075597
36.23623623623624,1.8272466881924277e-06,0.49922675173748254,0.5007714210158284
36.43643643643644,1.7383102712234105e-06,0.49723193103241264,0.5027663306573152
36.63663663663664,1.6540180502836538e-06,0.49524507699226433,0.5047532689896845
36.83683683683684,1.5741411242478816e-06,0.4932661580176673,0.5067322678412075
37.03703703703704,1.4984676892784008e-06,0.49129514261878976,0.50870335891352
37.23723723723724,1.4266828534251838e-06,0.4893319995005503,0.5106665738165953
37.43743743743744,1.358540794734219e-06,0.487376697440557,0.5126219440186474
37.63763763763764,1.29384778741593e-06,0.48542920530114186,0.5145695008510698
37.83783783783784,1.2324296469865776e-06,0.48348949205244246,0.5165092755179096
38.03803803803804,1.1741317302682585e-06,0.4815575267724019,0.5184412990958669
38.23823823823824,1.118818935388906e-06,0.47963327864676886,0.5203656025342949
38.43843843843844,1.0663757017822905e-06,0.47771671696909757,0.5222822166551997
38.63863863863864,1.0167056441056543e-06,0.4758078111409639,0.5241911721533911
38.83883883883884,9.696011003640338e-07,0.4739065307489804,0.5260924996499183
39.03903903903904,9.248424657556091e-07,0.47201284550615275,0.5279862296513805
39.23923923923924,8.82302605260646e-07,0.47012672519023696,0.5298723925071568
39.43943943943944,8.418648021949501e-07,0.4682481396921808,0.5317510184430161
39.63963963963964,8.034227582098682e-07,0.4663770590161233,0.5336221375611175
39.83983983983984,7.668805932922874e-07,0.4645134532793952,0.5354857798400106
40.04004004004004,7.321528457646359e-07,0.46265729271251854,0.5373419751346348
40.24024024024024,6.991644722848825e-07,0.4608085476592069,0.5391907531763198
40.44044044044044,6.678215550783818e-07,0.45896718857684504,0.5410321436015989
40.64064064064064,6.379874683834128e-07,0.4571331860368788,0.5428661759756519
40.84084084084084,6.09579776155197e-07,0.45530651072322903,0.5446928796969939
41.04104104104104,5.825246646757924e-07,0.45348713343303737,0.546512284042297
41.24124124124124,5.567549083268657e-07,0.4516750250766997,0.5483244181683911
41.44144144144144,5.322098695896933e-07,0.4498701566778661,0.5501293111122634
41.64164164164164,5.088354990451608e-07,0.44807249937344096,0.5519269917910591
41.84184184184184,4.865843353737626e-07,0.4462820244135826,0.5537174890020811
42.04204204204204,4.6540826617940395e-07,0.4444987031573572,0.5555008314343757
42.24224224224224,4.4522245186702394e-07,0.442722507051077,0.5572770477264702
42.44244244244244,4.259711478548898e-07,0.44095340766782243,0.5590461663610288
42.64264264264264,4.0760906648193293e-07,0.439191376696251,0.5608082156946815
42.84284284284285,3.9009515650340416e-07,0.43743638593686257,0.56256322396798
43.04304304304305,3.7339260309087637e-07,0.435688407301999,0.5643112193053971
43.24324324324325,3.574688278322407e-07,0.43394741281584426,0.566052229715327
43.44344344344345,3.4229548873170897e-07,0.4322133746144248,0.5677862830900856
43.64364364364365,3.2784732360455986e-07,0.4304862649445754,0.5695134072081001
43.84384384384385,3.140697874557616e-07,0.4287660561350239,0.5712336297951878
44.04404404404405,3.009179465226871e-07,0.4270527206311424,0.5729469784509101
44.24424424424425,2.883611411381674e-07,0.42534623099911406,0.5746534806397439
44.44444444444445,2.7637102245998736e-07,0.42364655991524364,0.576353163713733
44.64464464464465,2.6492155247088524e-07,0.42195368016595747,0.5780460549124892
44.84484484484485,2.5398900397855297e-07,0.4202675646478037,0.5797321813631914
45.04504504504505,2.4355196061563593e-07,0.41858818636745193,0.5814115700805865
45.24524524524525,2.335913168397332e-07,0.4169155184416935,0.5830842479669888
45.44544544544545,2.2407966481271523e-07,0.41524953406061177,0.5847502418597225
45.64564564564565,2.149849501894923e-07,0.4135902065002683,0.5864095785147806
45.84584584584585,2.062871383849639e-07,0.41193750918053823,0.5880622845323225
46.04604604604605,1.9796781466294418e-07,0.4102914156290206,0.5897083864031638
46.24624624624625,1.9001015608696178e-07,0.408651899480941,0.591347910508902
46.44644644644645,1.8239893152025963e-07,0.4070189344791514,0.5929808831219162
46.64664664664665,1.7512050162579526e-07,0.4053924944741302,0.5946073304053673
46.84684684684685,1.6816281886624042e-07,0.40377255342398255,0.5962272784131977
47.04704704704705,1.6151542750398147e-07,0.40215908539443973,0.5978407530901318
47.24724724724725,1.551667772667536e-07,0.4005520645450043,0.5994477802882175
47.44744744744745,1.4909111300362105e-07,0.3989514650613295,0.6010483858475567
47.64764764764765,1.4327330359724947e-07,0.3973572612832812,0.6026425954434144
47.84784784784785,1.3770149598782437e-07,0.39576942766704926,0.6042304346314539
48.04804804804805,1.3236475071074442e-07,0.39418793877295194,0.6058119288622965
48.24824824824825,1.2725304189662167e-07,0.3926127692654358,0.6073871034815215
48.44844844844845,1.2235725727128143e-07,0.3910438939130761,0.6089559837296659
48.64864864864865,1.1766919815576226e-07,0.38948128758857636,0.6105185947422246
48.84884884884885,1.1318157946631605e-07,0.3879249252687687,0.612074961549651
49.04904904904905,1.0888801182746759e-07,0.38637478203444614,0.6136251090775412
49.24924924924925,1.0477622717778572e-07,0.38483083300690074,0.6151690622168713
49.44944944944945,1.0083354744019569e-07,0.38329305339915376,0.616706845767298
49.64964964964965,9.705226370329452e-08,0.3817614185663469,0.6182384843813886
49.84984984984985,9.342520999628131e-08,0.3802359039642781,0.6197640026105111
50.050050050050054,8.994576328895731e-08,0.37871648514940154,0.6212834249048343
50.250250250250254,8.660784349172586e-08,0.3772031377788277,0.622796775613328
50.450450450450454,8.340591345559238e-08,0.37569583761032305,0.6243040789837626
50.650650650650654,8.033497897216446e-08,0.3741945605023105,0.6258053591627097
50.850850850850854,7.739058877365177e-08,0.37269928241386896,0.6273006401955414
51.051051051051054,7.456765891298408e-08,0.37120997938377903,0.6287899460485613
51.251251251251254,7.18573159955611e-08,0.36972662747425494,0.6302733006684282
51.451451451451454,6.925420964627412e-08,0.36824920290128554,0.631750727844504
51.651651651651655,6.675376301659931e-08,0.3667776819856259,0.6332222512606104
51.851851851851855,6.435174341139735e-08,0.3653120411451439,0.6346878945031119
52.052052052052055,6.204426228891334e-08,0.3638522568948205,0.6361476810609165
52.252252252252255,5.982777526077691e-08,0.3623983058467496,0.6376016343254743
52.452452452452455,5.7699082092002124e-08,0.360950164710138,0.6390497775907791
52.652652652652655,5.565532670098755e-08,0.3595078102913055,0.640492134053367
52.852852852852855,5.3702550584743196e-08,0.358071219702724,0.6419287265947247
53.053053053053056,5.181457113996569e-08,0.356640369358035,0.6433595788273931
53.253253253253256,5.000057277652887e-08,0.35521523662392507,0.6447847133755014
53.453453453453456,4.8257044782742e-08,0.3537957986455237,0.6462041530974307
53.653653653653656,4.658078811001202e-08,0.35238203266427925,0.6476179207549319
53.853853853853856,4.496890036541807e-08,0.35097391601759226,0.6490260390135066
54.054054054054056,4.341876080428623e-08,0.3495714261384487,0.6504285304427897
54.254254254254256,4.1928015322764067e-08,0.34817454055505304,0.6518254175169309
54.454454454454456,4.0494561450395366e-08,0.34678323689046164,0.6532167226149762
54.65465465465466,3.911653334269468e-08,0.3453974928622158,0.65460246802125
54.85485485485486,3.779147936197417e-08,0.34401728623048067,0.6559826759780392
55.05505505505506,3.651550316501358e-08,0.3426425947438556,0.6573573687406404
55.25525525525526,3.5286677381655295e-08,0.34127339635768134,0.6587265683556405
55.45545545545546,3.410332599567089e-08,0.3399096691250841,0.6600902967715891
55.65565565565566,3.29638916457418e-08,0.3385513911891033,0.6614485758470042
55.85585585585586,3.1866919380804256e-08,0.3371985407822457,0.6628014273508341
56.05605605605606,3.081104041539412e-08,0.33585109622603954,0.6641488729629192
56.25625625625626,2.9794955884991778e-08,0.33450903593058906,0.6654909342744543
56.45645645645646,2.881742060136697e-08,0.33317233839412885,0.6668276327884497
56.65665665665666,2.7877226807923674e-08,0.331840982202578,0.6681589899201944
56.85685685685686,2.6973187935044974e-08,0.3305149460290947,0.6694850269977166
57.05705705705706,2.6104122355437917e-08,0.3291942086336301,0.6708057652622468
57.25725725725726,2.5268837139478365e-08,0.32787874886248314,0.672121225868679
57.45745745745746,2.4466111810555888e-08,0.3265685456478546,0.6734314298860328
57.65765765765766,2.3694682100418604e-08,0.32526357800740147,0.6747363982979157
57.85785785785786,2.2953223704518055e-08,0.3239638250437912,0.6760361520029843
58.05805805805806,2.224033603735406e-08,0.32266926594425616,0.677330711815407
58.25825825825826,2.1554525987819605e-08,0.32137987998014794,0.6786200984653252
58.45845845845846,2.089419167454567e-08,0.32009564650649164,0.6799043325993159
58.65865865865866,2.0257606201246126e-08,0.31881654496154005,0.681183434780853
58.85885885885886,1.9642901412062584e-08,0.3175425548663282,0.6824574254907696
59.05905905905906,1.9048784745817524e-08,0.3162736558143677,0.6837263251368467
59.25925925925926,1.848045245849519e-08,0.3150098273914518,0.684990154128095
59.45945945945946,1.7938779891015102e-08,0.313751049320378,0.6862489327408413
59.65965965965966,1.7422967861146613e-08,0.3124973014246917,0.6875026811523397
59.85985985985987,1.693212355276972e-08,0.31124856360675845,0.6887514194611173
60.06006006006007,1.6465248019018595e-08,0.31000481584726913,0.6899951676874821
60.26026026026027,1.6021223685425003e-08,0.30876603820474285,0.6912339457740327
60.46046046046047,1.5598801853061875e-08,0.30753221081503135,0.6924677735861661
60.66066066066067,1.5196590201686772e-08,0.3063033138908229,0.6936966709125862
60.86086086086087,1.4813040292885411e-08,0.3050793277211459,0.6949206574658131
61.06106106106107,1.4446435073215156e-08,0.3038602326708733,0.6961397528826908
61.26126126126127,1.4094876377348514e-08,0.3026460091802262,0.6973539767248967
61.46146146146147,1.375627243121665e-08,0.30143663776427765,0.6985633484794491
61.66166166166167,1.3428325355152875e-08,0.30023209901245695,0.6997678875592169
61.86186186186187,1.3108518667036155e-08,0.2990323735880532,0.7009676133034274
62.06206206206207,1.2794104785434616e-08,0.2978374422277193,0.7021625449781752
62.26226226226227,1.2482092532749037e-08,0.29664728574097615,0.7033527017769305
62.46246246246247,1.2169234638356358e-08,0.29546188500971626,0.7045381028210483
62.66266266266267,1.185201524175318e-08,0.2942812209877076,0.7057187671602764
62.86286286286287,1.1526637395699263e-08,0.2931052747000979,0.706894713773264
63.06306306306307,1.1189010569361037e-08,0.2919340272429181,0.7080659615680706
63.26326326326327,1.083481601287801e-08,0.2907674597836726,0.7092325293815106
63.46346346346347,1.0475826230826426e-08,0.28960555378863223,0.7103944357355407
63.66366366366367,1.0122901263471252e-08,0.288448290785354,0.7115516990917439
63.86386386386387,9.775909773959481e-09,0.28729565222178444,0.712704338002305
64.06406406406407,9.434746640209174e-09,0.286147619619605,0.7138523709456476
64.26426426426427,9.099331682465542e-09,0.2850041745738924,0.7149958163267751
64.46446446446447,8.76960839085703e-09,0.2838652987527792,0.7161346924776116
64.66466466466467,8.44554265295139e-09,0.28273097389711443,0.7172690176573421
64.86486486486487,8.127121481311756e-09,0.28160118182012367,0.7183988100527541
65.06506506506507,7.81435174105273e-09,0.28047590440706976,0.7195240877785777
65.26526526526527,7.507258877396451e-09,0.2793551236149133,0.720644868877827
65.46546546546547,7.205885643228678e-09,0.27823882147197304,0.7217611713221405
65.66566566566567,6.9102908266548674e-09,0.2771269800775863,0.722873013012122
65.86586586586587,6.620547978556249e-09,0.27601958160176954,0.7239804117776817
66.06606606606607,6.336744140145904e-09,0.2749166082848788,0.7250833853783762
66.26626626626627,6.058978570524848e-09,0.27381804243727004,0.7261819515037506
66.46646646646647,5.787361474238097e-09,0.27272386643895985,0.7272761277736779
66.66666666666667,5.5220127288307595e-09,0.2716340627392858,0.7283659317387007
66.86686686686687,5.263060612404104e-09,0.27054861385656676,0.7294513808803719
67.06706706706707,5.010640531171643e-09,0.2694675023777636,0.730532492611595
67.26726726726727,4.764893747015203e-09,0.26839071095813954,0.7316092842769659
67.46746746746747,4.525966105041013e-09,0.2673182223209207,0.7326817731531124
67.66766766766767,4.294082401952828e-09,0.26625001928604525,0.7337499764198715
67.86786786786787,4.069599982914156e-09,0.2651860847909253,0.7348139111394739
68.06806806806807,3.852726620895935e-09,0.26412640178210206,0.7358735943651705
68.26826826826827,3.6436655071835747e-09,0.26307095327115415,0.7369290430851796
68.46846846846847,3.442621710754818e-09,0.26201972233733173,0.7379802742200458
68.66866866866867,3.2498010111054974e-09,0.2609726921272573,0.7390273046229409
68.86886886886887,3.065408731075284e-09,0.2599298458546267,0.7400701510799638
69.06906906906907,2.8896485696734385e-09,0.25889116679991,0.7411088303104406
69.26926926926927,2.7227214349045654e-09,0.25785663831005246,0.7421433589672253
69.46946946946947,2.5648242765943637e-09,0.25682624379817565,0.7431737536369992
69.66966966966967,2.4161489192153794e-09,0.25579996674327815,0.7442000308405722
69.86986986986987,2.2768808947127575e-09,0.25477779068993667,0.7452222070331816
70.07007007007007,2.147198275329994e-09,0.25375969924800684,0.7462402986047941
70.27027027027027,2.0272705064346863e-09,0.25274567609232446,0.7472543218804042
70.47047047047047,1.9172572393442883e-09,0.2517357049624061,0.7482642931203359
70.67067067067067,1.8173071641518606e-09,0.2507297696621502,0.7492702285205418
70.87087087087087,1.7275568425518211e-09,0.24972785405953823,0.7502721442129041
71.07107107107107,1.6481295406656996e-09,0.24872994208633523,0.7512700562655344
71.27127127127127,1.5791340618678886e-09,0.247736017737791,0.7522639806830741
71.47147147147147,1.5206635796113945e-09,0.24674606507234112,0.7532539334069945
71.67167167167167,1.4727944702535915e-09,0.24576006821130775,0.754239930315897
71.87187187187187,1.4353756151253214e-09,0.24477801134454474,0.7552219872200787
72.07207207207207,1.4066389784253922e-09,0.2437998787695215,0.7562001198238386
72.27227227227228,1.3858572216852838e-09,0.2428256548155979,0.757174343798544
72.47247247247248,1.3725934095111991e-09,0.24185532386497696,0.7581446747624287
72.67267267267268,1.3663568579127916e-09,0.2408888703621358,0.7591111282715065
72.87287287287288,1.3666010629890552e-09,0.23992627881355222,0.7600737198198458
73.07307307307308,1.3727216296142135e-09,0.23896753378743135,0.7610324648398461
73.27327327327328,1.384054200123611e-09,0.2380126199134322,0.7619873787025128
73.47347347347348,1.399872382999604e-09,0.23706152188239427,0.7629384767177325
73.67367367367368,1.4193856815574485e-09,0.23611422444606417,0.7638857741345493
73.87387387387388,1.4417374226311934e-09,0.23517071241682225,0.7648292861414394
74.07407407407408,1.4660026852595684e-09,0.23423097066740908,0.7657690278665874
74.27427427427428,1.4911862293718757e-09,0.23329498413065217,0.7667050143781607
74.47447447447448,1.5162204244738795e-09,0.23236273779919256,0.7676372606845862
74.67467467467468,1.5399631783336964e-09,0.23143421672521133,0.7685657817348246
74.87487487487488,1.5611958656676855e-09,0.23050940602015635,0.7694905924186469
75.07507507507508,1.5786212568263397e-09,0.22958829085446866,0.7704117075669092
75.27527527527528,1.590861446480174e-09,0.22867085645730933,0.7713291419518283
75.47547547547548,1.5964557823056178e-09,0.22775708811628587,0.7722429102872574
75.67567567567568,1.5938587936709034e-09,0.22684697117717886,0.7731530272289615
75.87587587587588,1.5814381203219577e-09,0.22594049104366867,0.7740595073748924
76.07607607607608,1.557534256572617e-09,0.22503763317734077,0.7749623652651241
76.27627627627628,1.5267873306672715e-09,0.2241383831259623,0.7758616153472494
76.47647647647648,1.4929165319361352e-09,0.22324272649064553,0.776757272016437
76.67667667667668,1.455881261651512e-09,0.22235064891277745,0.7776493496313404
76.87687687687688,1.4156859567915466e-09,0.22146213609091958,0.7785378624933935
77.07707707707708,1.3723821920898429e-09,0.22057717378055347,0.7794228248470634
77.27727727727728,1.3260707820850799e-09,0.21969574779382603,0.7803042508801022
77.47747747747748,1.2769038831706308e-09,0.21881784399929496,0.7811821547238001
77.67767767767768,1.2250870956441784e-09,0.21794344832167434,0.7820565504532376
77.87787787787788,1.1708815657573341e-09,0.21707254674157977,0.7829274520875377
78.07807807807808,1.1146060877652532e-09,0.21620512529527408,0.7837948735901189
78.27827827827828,1.0566392059762541e-09,0.2153411700744126,0.7846588288689472
78.47847847847848,9.974213168014352e-10,0.2144806672257886,0.7855193317767891
78.67867867867868,9.374567708042905e-10,0.21362360295107874,0.7863763961114636
78.87887887887888,8.77315974750329e-10,0.21276996350658853,0.7872300356160945
79.07907907907908,8.176374936566911e-10,0.21191973520299767,0.7880802639793639
79.27927927927928,7.591301528417654e-10,0.21107290440510557,0.7889270948357633
79.47947947947948,7.02575139974807e-10,0.2102294575315767,0.7897705417658472
79.67967967967968,6.488281071255538e-10,0.2093893810546861,0.7906106182964848
79.87987987987988,5.988212728138444e-10,0.2085526615000647,0.7914473379011131
80.08008008008008,5.535655240592352e-10,0.20771928544644486,0.7922807139999887
80.28028028028028,5.141525184306176e-10,0.20688923952540564,0.7931107599604409
80.48048048048048,4.790871688361958e-10,0.20606251044552862,0.7939374890753833
80.68068068068068,4.4327332468905897e-10,0.205239085001437,0.7947609145552887
80.88088088088088,4.066485765696698e-10,0.20441894999460627,0.7955810495987442
81.08108108108108,3.6935094690635197e-10,0.20360209227732315,0.7963979073533249
81.28128128128128,3.3153562574333105e-10,0.20278849875412597,0.7972115009143375
81.48148148148148,2.9337534787461333e-10,0.2019781563815658,0.798021843325058
81.68168168168168,2.550607699778666e-10,0.20117105216796782,0.7988289475769705
81.88188188188188,2.1680084774830097e-10,0.2003671731731923,0.7996328266100059
82.08208208208208,1.7882321303254979e-10,0.19956650650839602,0.8004334933127799
82.28228228228228,1.413745509625493e-10,0.19876903933579326,0.8012309605228313
82.48248248248248,1.0472097708942013e-10,0.19797475886841712,0.802025241026861
82.68268268268268,6.914841451734765e-11,0.1971836523698807,0.80281634756097
82.88288288288288,3.496297103746234e-11,0.1963957071541383,0.8036042928108978
83.08308308308308,2.4913162617204948e-12,0.1956109105852466,0.8043890894122612
83.28328328328328,-2.7918941243214812e-11,0.1948292500771259,0.8051707499507922
83.48348348348348,-5.589887682209375e-11,0.19405071309332123,0.8059492869625767
83.68368368368368,-8.105787259719875e-11,0.19327528714676362,0.8067247129342934
83.88388388388388,-1.0298324033446378e-10,0.19250295979953136,0.8074970403034509
84.08408408408408,-1.2123984430959416e-10,0.19173371866261102,0.8082662814586279
84.28428428428428,-1.3536972417418561e-10,0.1909675513956588,0.80903244873971
84.48448448448448,-1.4489171782184393e-10,0.1902044457067617,0.8097955544381291
84.68468468468468,-1.49301084254304e-10,0.18944438935219865,0.8105556107971015
84.88488488488488,-1.480691264475497e-10,0.18868737013620185,0.8113126300118664
85.08508508508508,-1.406428142179328e-10,0.18793337591071776,0.8120666242299241
85.28528528528528,-1.2644440708829284e-10,0.1871823945751685,0.812817605551275
85.4854854854855,-1.0487107715407426e-10,0.1864344140762129,0.8135655860286573
85.6856856856857,-7.529456142387366e-11,0.18568942240750852,0.8143105776677851
85.8858858858859,-3.999962875898493e-11,0.18494740767806578,0.815052592361933
86.0860860860861,-1.741633665038418e-12,0.18420835805501093,0.8157916419467297
86.2862862862863,3.9350827435564376e-11,0.18347226169106362,0.8165277382695846
86.4864864864865,8.312713414431832e-11,0.18273910678612995,0.817260893130742
86.6866866866867,1.2941385763099784e-10,0.1820088815870906,0.8179911182834946
86.8868868868869,1.7801397617804407e-10,0.18128157438758938,0.8187184254343957
87.0870870870871,2.287060907249482e-10,0.18055717352782125,0.8194428262434718
87.2872872872873,2.812436404126397e-10,0.17983566739432083,0.8201643323244345
87.4874874874875,3.353541181278684e-10,0.17911704441975074,0.8208829552448942
87.6876876876877,3.9073828604759307e-10,0.17840129308268968,0.8215987065265711
87.8878878878879,4.4706939118336516e-10,0.17768840190742102,0.8223115976455087
88.0880880880881,5.03992380925714e-10,0.17697835946372092,0.8230216400322857
88.2882882882883,5.611231185885336e-10,0.17627115436664673,0.8237288450722292
88.4884884884885,6.180475989534668e-10,0.1755667752763252,0.8244332241056263
88.6886886886887,6.743211638142912e-10,0.17486521089774093,0.825134788427937
88.8888888888889,7.294677175213046e-10,0.1741664499805246,0.8258335492900067
89.0890890890891,7.829789425257108e-10,0.1734704813187413,0.8265295178982788
89.2892892892893,8.343135149240038e-10,0.17277729375067877,0.8272227054150068
89.4894894894895,8.828963200023551e-10,0.17208687615863583,0.8279131229584669
89.6896896896897,9.281176677809973e-10,0.17139921746871065,0.8286007816031707
89.8898898898899,9.693325085586107e-10,0.17071430665058898,0.8292856923800775
90.0900900900901,1.0058596484567084e-09,0.17003213271733258,0.8299678662768069
90.2902902902903,1.0369809649640215e-09,0.16935268472516746,0.8306473142378507
90.4904904904905,1.0619406224808849e-09,0.16867595177327213,0.8313240471647863
90.6906906906907,1.0799442878636226e-09,0.16800192300356612,0.8319980759164887
90.8908908908909,1.090158345968933e-09,0.16733058760049807,0.8326694113093427
91.0910910910911,1.0918685782654305e-09,0.16666193479306662,0.8333380641150638
91.2912912912913,1.088888006813535e-09,0.16599595391633162,0.8340040449947794
91.4914914914915,1.0831690551778742e-09,0.1653326343217807,0.8346673645950493
91.6916916916917,1.0747199795274972e-09,0.16467196537595855,0.8353280335493205
91.8918918918919,1.0635644431832105e-09,0.16401393648770135,0.8359860624487333
92.0920920920921,1.0497421146422348e-09,0.1633585371079442,0.8366414618423128
92.2922922922923,1.0333092656028655e-09,0.1627057567295289,0.837294242237161
92.4924924924925,1.0143393689891285e-09,0.1620555848870115,0.8379444140986482
92.6926926926927,9.929236969754396e-10,0.16140801115647013,0.8385919878506053
92.8928928928929,9.691719190112617e-10,0.16076302515531254,0.8392369738755147
93.0930930930931,9.432126998457634e-10,0.16012061654208382,0.8398793825147026
93.2932932932933,9.151942975524778e-10,0.15948077501627403,0.8405192240685307
93.4934934934935,8.852851615539591e-10,0.15884349031812592,0.841156508796588
93.6936936936937,8.536745306464418e-10,0.15820875222844255,0.841791246917882
93.8938938938939,8.205730310244981e-10,0.15757655056839495,0.8424234486110311
94.0940940940941,7.862132743056966e-10,0.15694687519932982,0.843053124014456
94.2942942942943,7.508504555552599e-10,0.15631971602257716,0.8436802832265715
94.4944944944945,7.147629513107231e-10,0.15569506297925803,0.8443049363059781
94.6946946946947,6.782529176065916e-10,0.15507290605009202,0.8449270932716542
94.8948948948949,6.41646887998999e-10,0.15445323525520516,0.845546764103147
95.0950950950951,6.052963715903658e-10,0.15383604065393736,0.8461639587407653
95.2952952952953,5.695784510540572e-10,0.15322131234465028,0.8467786870857704
95.4954954954955,5.348963806590407e-10,0.15260904046453477,0.8473909590005679
95.6956956956957,5.016801842945451e-10,0.15199921518941878,0.8480007843089001
95.8958958958959,4.703872534947179e-10,0.15139182673357482,0.8486081727960371
96.0960960960961,4.415029454632835e-10,0.1507868653495278,0.8492131342089684
96.2962962962963,4.155411810982016e-10,0.15018432132786247,0.8498156782565954
96.4964964964965,3.926984571563074e-10,0.14958418500642748,0.8504158146008731
96.6966966966967,3.706146023984087e-10,0.14898644683086634,0.8510135527985181
96.8968968968969,3.4879898793658894e-10,0.14839109723444419,0.8516089024167559
97.0970970970971,3.2732901831366915e-10,0.1477981266731562,0.8522018729995139
97.2972972972973,3.0628147609967237e-10,0.14720752564096828,0.8527924740527494
97.4974974974975,2.8573236480497205e-10,0.146619284669645,0.8533807150446218
97.6976976976977,2.657567517934402e-10,0.1460333943285779,0.8539666054056644
97.8978978978979,2.4642861119559585e-10,0.14544984522461346,0.854550154528957
98.0980980980981,2.2782066682175336e-10,0.14486862800188136,0.8551313717702971
98.2982982982983,2.1000423507517055e-10,0.14428973334162257,0.8557102664483723
98.4984984984985,1.9304906786519743e-10,0.14371315196201748,0.8562868478449326
98.6986986986987,1.770231955204241e-10,0.14313887461801406,0.8568611252049618
98.8988988988989,1.6199276970182947e-10,0.142566892101156,0.8574331077368503
99.0990990990991,1.480219063159292e-10,0.14199719523941082,0.8580028046125664
99.2992992992993,1.3517252842792426e-10,0.141429774896998,0.8585702249678285
99.4994994994995,1.2350420917484932e-10,0.1408646219742172,0.8591353779022777
99.6996996996997,1.1307401467872085e-10,0.14030172740727628,0.8596982724796488
99.8998998998999,1.0393634695968559e-10,0.1397410821681195,0.8602589177279433
100.10010010010011,9.614278684916887e-11,0.1391826772642557,0.8608173226396006
100.30030030030031,8.974193690302289e-11,0.13862650373858632,0.8613734961716708
100.50050050050051,8.47792643146751e-11,0.13807255266923366,0.8619274472459861
100.70070070070071,8.129694382827648e-11,0.1375208151693689,0.8624791847493333
100.90090090090091,7.933370065184989e-11,0.13697128238704034,0.8630287175336251
101.10110110110111,7.892465337043839e-11,0.13642394550500153,0.8635760544160729
101.30130130130131,8.010115685925357e-11,0.13587879574053932,0.8641212041793586
101.50150150150151,8.289064519682388e-11,0.13533582434530206,0.8646641755718064
101.70170170170171,8.731647457814296e-11,0.13479502260512774,0.8652049773075549
101.90190190190191,9.331254407252547e-11,0.13425638185826394,0.8657436180484226
102.10210210210211,1.0057235843693647e-10,0.13371989352773592,0.8662801063716908
102.30230230230231,1.090241249563556e-10,0.13318554901860993,0.866814450872365
102.50250250250251,1.1861201414683139e-10,0.13265333976499372,0.8673466601163934
102.70270270270271,1.2927181576825927e-10,0.1321232572350845,0.8678767426356427
102.90290290290291,1.4093069960321595e-10,0.13159529293101468,0.8684047069280537
103.10310310310311,1.5350697623579311e-10,0.13106943838869786,0.8689305614577942
103.30330330330331,1.6690985783043193e-10,0.13054568517767465,0.8694543146554146
103.50350350350351,1.8103921891075662e-10,0.1300240249009585,0.8699759749180014
103.70370370370371,1.9578535713840903e-10,0.12950444919488155,0.8704955506093321
103.90390390390391,2.1102875409188238e-10,0.12898694972894065,0.8710130500600297
104.10410410410411,2.2663983604535528e-10,0.12847151820564293,0.8715284815677163
104.30430430430431,2.424787347475259e-10,0.12795814636035202,0.8720418533971683
104.50450450450451,2.5839504820044607e-10,0.12744682596113358,0.8725531737804705
104.70470470470471,2.7422760143835537e-10,0.1269375488086014,0.87306245091717
104.90490490490491,2.8980420730651496e-10,0.12643030673576314,0.8735696929744318
105.10510510510511,3.049414272400418e-10,0.1259250916078662,0.8740749080871915
105.30530530530531,3.194443320427427e-10,0.12542189532224365,0.8745781043583111
105.50550550550551,3.331062626659484e-10,0.12492070980816004,0.8750792898587327
105.70570570570571,3.4570859098734756e-10,0.12442152702665729,0.8755784726276332
105.90590590590591,3.570204805898209e-10,0.12392433897040049,0.8760756606725781
106.10610610610611,3.6679864754027526e-10,0.12342913766352384,0.8765708619696766
106.30630630630631,3.7478712116847735e-10,0.12293591516147649,0.8770640844637355
106.50650650650651,3.807170048458884e-10,0.12244466355086839,0.8775553360684137
106.70670670670671,3.8430623676449765e-10,0.12195537494931612,0.8780446246663768
106.90690690690691,3.8525935071565684e-10,0.12146804150528882,0.878531958109451
107.10710710710711,3.832672368689139e-10,0.12098265539795405,0.8790173442187778
107.30730730730731,3.8683197242363923e-10,0.12049920910049763,0.8795007905126695
107.50750750750751,3.7991984795708016e-10,0.1200176943843968,0.8799823052356824
107.70770770770771,3.7241410141331524e-10,0.11953810382554869,0.8804618958020363
107.90790790790791,3.6428210861208755e-10,0.11906042973432829,0.8809395699013887
108.10810810810811,3.5550335812936846e-10,0.11858466445184299,0.8814153351926527
108.30830830830831,3.460692750476404e-10,0.11811080034978028,0.8818891993041496
108.50850850850851,3.3598306343413404e-10,0.1176388298302561,0.8823611698337599
108.70870870870871,3.2525956754702233e-10,0.11716874532566365,0.8828312543490758
108.90890890890891,3.139251517695691e-10,0.11670053929852284,0.883299460387551
109.10910910910911,3.020175992722342e-10,0.11623420424133024,0.8837657954566512
109.30930930930931,2.89586029402734e-10,0.11576973267640969,0.8842302670340033
109.50950950950951,2.7669083380405715e-10,0.1153071171557633,0.884692882567545
109.70970970970971,2.63403631260437e-10,0.11484635026092317,0.8851536494756722
109.90990990990991,2.498072412712787e-10,0.11438742460280359,0.8856125751473882
110.11011011011011,2.359956763530424e-10,0.1139303328215538,0.8860696669424496
110.31031031031031,2.2207415306908266e-10,0.11347506758641138,0.8865249321915135
110.51051051051051,2.081591217874423e-10,0.11302162159555604,0.8869783781962839
110.71071071071071,1.9437831516660311e-10,0.11256998757596418,0.8874300122296566
110.91091091091091,1.808708153691916e-10,0.11212015828326384,0.8878798415358644
111.11111111111111,1.6778714000364065e-10,0.11167212650159028,0.8883278733306217
111.31131131131131,1.5528934679380686e-10,0.11122588504344212,0.8887741148012676
111.51151151151151,1.4355115697654333e-10,0.11078142674953803,0.8892185731069099
111.71171171171171,1.3275809742722844e-10,0.11033874448867395,0.889661255378567
111.91191191191191,1.231076615132502e-10,0.10989783115758094,0.8901021687193105
112.11211211211211,1.1480948867544618e-10,0.10945867968078352,0.890541320204406
112.31231231231232,1.0808556273749916e-10,0.10902128301045858,0.8909787168814549
112.51251251251252,1.0316539778960561e-10,0.10858563412649813,0.8914143657703355
112.71271271271272,9.928824901469413e-11,0.10815172607668581,0.891848273824025
112.91291291291292,9.579434740510387e-11,0.10771955193248599,0.8922804479717187
113.11311311311312,9.27085267126149e-11,0.10728910476533955,0.892710895141951
113.31331331331332,9.005298612550632e-11,0.10686037767429933,0.8931396222356467
113.51351351351352,8.784702617921346e-11,0.10643336378591554,0.8935666361262364
113.71371371371372,8.610679455767824e-11,0.10600805625412221,0.89399194365977
113.91391391391392,8.484504178539474e-11,0.10558444826012453,0.8944155516550295
114.11411411411412,8.407088681014941e-11,0.10516253301228703,0.8948374669036411
114.31431431431432,8.378959247645546e-11,0.10474230374602285,0.8952576961701866
114.51451451451452,8.400235088968192e-11,0.1043237537236837,0.895676246192313
114.71471471471472,8.470607867087718e-11,0.10390687623445095,0.896093123680842
114.91491491491492,8.589322210228715e-11,0.10349166459422753,0.8965083353198783
115.11511511511512,8.755157216356796e-11,0.10307811214553067,0.8969218877669168
115.31531531531532,8.966408945869279e-11,0.10266621225738574,0.8973337876529492
115.51551551551552,9.220873903355386e-11,0.10225595832522091,0.8977440415825694
115.71571571571572,9.515833508425846e-11,0.10184734377076264,0.898152656134078
115.91591591591592,9.848039555611966e-11,0.10144036204193224,0.8985596378595864
116.11611611611612,1.0213700663334155e-10,0.10103500661274327,0.8989649932851188
116.31631631631632,1.0608469711939895e-10,0.10063127098319985,0.8993687289107145
116.51651651651652,1.1027432270811174e-10,0.10022914867919591,0.8997708512105288
116.71671671671672,1.1465096014541365e-10,0.09982863325241535,0.9001713666329327
116.91691691691692,1.1915381128181548e-10,0.09942971828023307,0.9005702816006121
117.11711711711712,1.2371611701556308e-10,0.09903239736561704,0.9009676025106659
117.31731731731732,1.2826508112648957e-10,0.09863666413703114,0.9013633357347028
117.51751751751752,1.327218040005623e-10,0.09824251224833896,0.9017574876189383
117.71771771771772,1.3700122624512418e-10,0.09784993537870865,0.9021500644842891
117.91791791791792,1.4101208219482971e-10,0.09745892723251842,0.9025410726264685
118.11811811811812,1.4465686330827538e-10,0.09706948153926326,0.902930518316079
118.31831831831832,1.4783179145532452e-10,0.09668159205346229,0.903318407798705
118.51851851851852,1.5042680209512698e-10,0.09629525255456725,0.9037047472950049
118.71871871871872,1.5232553734483302e-10,0.09591045684687181,0.9040895430008017
118.91891891891892,1.536758514767154e-10,0.09552719876198608,0.9044728010843371
119.11911911911912,1.548823548396278e-10,0.09514547215867694,0.9048545276864398
119.31931931931932,1.559244907760145e-10,0.09476527091631545,0.9052347289277591
119.51951951951952,1.5677392564474875e-10,0.0943865889387463,0.9056134109044789
119.71971971971973,1.5740336845302658e-10,0.0940094201542848,0.9059905796883109
119.91991991991993,1.5778687488936203e-10,0.09363375851563432,0.9063662413265778
120.12012012012013,1.579001650708213e-10,0.09325959799980414,0.9067404018422948
120.32032032032033,1.5772095500449308e-10,0.09288693260802876,0.9071130672342493
120.52052052052053,1.5722930176319696e-10,0.0925157563656879,0.9074842434770819
120.72072072072073,1.5640796237542976e-10,0.0921460633222275,0.9078539365213636
120.92092092092093,1.552427664295485e-10,0.09177784755108169,0.9082221522936746
121.12112112112113,1.5372300239219143e-10,0.09141110314959569,0.9085888966966804
121.32132132132134,1.5184181764093653e-10,0.09104582423894972,0.9089541756092075
121.52152152152154,1.4959663221119743e-10,0.09068200496408374,0.9093179948863187
121.72172172172174,1.4698956625735685e-10,0.09031963949362332,0.9096803603593862
121.92192192192194,1.440278812281376e-10,0.08995872201980626,0.910041277836165
122.12212212212214,1.4072443475621102e-10,0.08959924675841034,0.9104007531008643
122.32232232232234,1.3709814926204297e-10,0.08924120794868193,0.9107587919142189
122.52252252252254,1.331744942719773e-10,0.08888459985326555,0.9111154000135591
122.72272272272274,1.2898598245055701e-10,0.08852941675813443,0.9114705831128787
122.92292292292294,1.2457267934708257e-10,0.08817565297252197,0.9118243469029044
123.12312312312314,1.1998272685640808e-10,0.08782330282885419,0.9121766970511621
123.32332332332334,1.1527288039397474e-10,0.0874723606826831,0.912527639202043
123.52352352352354,1.10509059785082e-10,0.08712282091262111,0.9128771789768689
123.72372372372374,1.0576691386839606e-10,0.08677467792027621,0.9132253219739559
123.92392392392394,1.0113239881369596e-10,0.08642792613018835,0.9135720737686783
124.12412412412414,9.670237015385713e-11,0.08608255998976652,0.9139174399135301
124.32432432432434,9.258518853107257e-11,0.08573857396922696,0.9142614259381869
124.52452452452454,8.890133915731145e-11,0.08539596256153228,0.9146040373495654
124.72472472472474,8.578406498901516e-11,0.08505472028233146,0.9149452796318835
124.92492492492494,8.338001361603099e-11,0.08471484166990091,0.9152851582467182
125.12512512512514,8.157932093196709e-11,0.08437632126930115,0.9156236786491186
125.32532532532534,7.942130624737884e-11,0.08403915359760913,0.9159608463229686
125.52552552552554,7.679609767684439e-11,0.08370333324309341,0.9162966666801096
125.72572572572574,7.369776418153897e-11,0.08336885482154639,0.916631145104755
125.92592592592594,7.01235287162723e-11,0.08303571297030851,0.916964286959567
126.12612612612614,6.60740182802198e-11,0.082703902348187,0.917296097585738
126.32632632632634,6.155352037564047e-11,0.0823734176353752,0.9176265823030704
126.52652652652654,5.6570245874582635e-11,0.08204425353337233,0.9179557464100565
126.72672672672674,5.113659829357633e-11,0.08171640476490394,0.9182835951839585
126.92692692692694,4.526944947631275e-11,0.08138986607384267,0.918610133880887
127.12712712712714,3.899042168431131e-11,0.08106463222512975,0.9189353677358789
127.32732732732734,3.2326176095573594e-11,0.08074069800469684,0.9192593019629761
127.52752752752754,2.530870771122448e-11,0.08041805821938855,0.9195819417553018
127.72772772772774,1.7975646670140366e-11,0.08009670769688543,0.919903292285138
127.92792792792794,1.0370565971564777e-11,0.07977664128562738,0.9202233587040012
128.12812812812814,2.543295605710675e-12,0.0794578538547378,0.920542146142718
128.32832832832833,-5.449756907648865e-12,0.07914034029394809,0.9208596597115007
128.52852852852854,-1.3545279572606877e-11,0.07882409551352267,0.9211759045000217
128.72872872872873,-2.167272256255201e-11,0.07850911444418479,0.921490885577487
128.92892892892894,-2.97539584576259e-11,0.07819539203704239,0.9218046079927107
129.12912912912913,-3.7702936074175694e-11,0.07788292326351505,0.922117076774187
129.32932932932934,-4.5425327886237575e-11,0.0775717031152609,0.9224282969301635
129.52952952952953,-5.281817103901512e-11,0.07726172660410466,0.9227382734487126
129.72972972972974,-5.976950195438822e-11,0.07695298876196544,0.9230470112978031
129.92992992992993,-6.615798452841764e-11,0.07664548464078604,0.9233545154253711
130.13013013013014,-7.18525319208788e-11,0.07633920931246171,0.9236607907593899
130.33033033033033,-7.671192193679327e-11,0.07603415786877046,0.9239658422079405
130.53053053053054,-8.058440599998663e-11,0.07573032542130298,0.9242696746592806
130.73073073073073,-8.33073117186475e-11,0.07542770710139385,0.9245722929819126
130.93093093093094,-8.470663904290903e-11,0.07512629806005264,0.924873702024653
131.13113113113113,-8.459665001443597e-11,0.07482609346789618,0.9251739066166995
131.33133133133134,-8.289774218758158e-11,0.07452708851310176,0.925472911569795
131.53153153153153,-8.064680371308428e-11,0.0742292783844317,0.9257707216962142
131.73173173173174,-7.813258452197357e-11,0.0739326583023518,0.9260673417757799
131.93193193193193,-7.5355525828964e-11,0.07363722351126614,0.9263627765640885
132.13213213213214,-7.231754553070581e-11,0.0733429692745963,0.9266570307977203
132.33233233233233,-6.902212954490251e-11,0.07304989087470759,0.9269501091943136
132.53253253253254,-6.547442500566784e-11,0.07275798361283531,0.9272420164526383
132.73273273273273,-6.168133531513546e-11,0.07246724280901176,0.9275327572526687
132.93293293293294,-5.7651617051307414e-11,0.07217766380199321,0.9278223362556575
133.13313313313313,-5.339597873215649e-11,0.0718892419491878,0.9281107581042073
133.33333333333334,-4.892718143596585e-11,0.07160197262658323,0.928398027422343
133.53353353353353,-4.426014127792405e-11,0.07131585122867537,0.9286841488155839
133.73373373373374,-3.9412033742956126e-11,0.07103087316839679,0.9289691268710143
133.93393393393393,-3.440239987481089e-11,0.07074703387704623,0.9292529661573553
134.13413413413414,-2.9253254321383715e-11,0.07046432880421774,0.9295356712250347
134.33433433433433,-2.3989195236296117e-11,0.070182753417731,0.9298172466062573
134.53453453453454,-1.863751603671012e-11,0.06990230320356129,0.9300976968150754
134.73473473473473,-1.3228319017400107e-11,0.06962297366577047,0.930377026347457
134.93493493493494,-7.79463082105895e-12,0.06934476032643784,0.9306552396813559
135.13513513513513,-2.3725197648619956e-12,0.06906765872559184,0.9309323412767798
135.33533533533534,2.9987849767350726e-12,0.06879166442114168,0.9312083355758586
135.53553553553553,8.276772332940087e-12,0.06851677298880984,0.9314832270029125
135.73573573573574,1.3415526441334629e-11,0.06824298002206444,0.9317570199645191
135.93593593593593,1.8365601896326072e-11,0.06797028113205256,0.932029718849581
136.13613613613614,2.307389714136553e-11,0.06769867194753336,0.9323013280293918
136.33633633633633,2.748352600490838e-11,0.06742814811481218,0.9325718518577034
136.53653653653654,3.1533687380139726e-11,0.06715870529767443,0.932841294670791
136.73673673673676,3.515953304844408e-11,0.06689033917732046,0.9331096607875191
136.93693693693695,3.829203364663569e-11,0.06662304545230036,0.9333769545094067
137.13713713713716,4.085784277794181e-11,0.06635681983844925,0.933643180120692
137.33733733733735,4.2779159266736046e-11,0.06609165806882329,0.9339083418883967
137.53753753753756,4.3981033827772617e-11,0.06582755589349944,0.9341724440625186
137.73773773773775,4.479242282694095e-11,0.06556450907218335,0.9344354908830234
137.93793793793796,4.542443840064948e-11,0.06530251338367456,0.9346974865709001
138.13813813813815,4.5873163217330386e-11,0.06504156462757683,0.9349584353265492
138.33833833833836,4.6135575395920326e-11,0.0647816586202884,0.9352183413335752
138.53853853853855,4.620961386554195e-11,0.06452279119493631,0.9354772087588532
138.73873873873876,4.6094245159132496e-11,0.06426495820131077,0.9357350417525941
138.93893893893895,4.578953164101846e-11,0.0640081555058001,0.9359918444484095
139.13913913913916,4.529670116843667e-11,0.06375237899132569,0.9362476209633768
139.33933933933935,4.461821818700244e-11,0.0634976245572777,0.9365023753981032
139.53953953953956,4.375785626012295e-11,0.06324388811945061,0.9367561118367906
139.73973973973975,4.2720772032358655e-11,0.0629911656099796,0.9370088343472988
139.93993993993996,4.15135806267293e-11,0.0627394529772767,0.9372605469812089
140.14014014014015,4.014443247596849e-11,0.06248874618596791,0.9375112537738868
140.34034034034036,3.862309158772223e-11,0.06223904121682998,0.9377609587445461
140.54054054054055,3.69610152436968e-11,0.061990334066728145,0.93800966589631
140.74074074074076,3.5171435132749707e-11,0.06174262074855358,0.9382573792162742
140.94094094094095,3.326943991793089e-11,0.06149589729116182,0.9385041026755679
141.14114114114116,3.127205923746625e-11,0.06125015973931084,0.9387498402294162
141.34134134134135,2.9198349139691894e-11,0.06100540415360014,0.9389945958172007
141.54154154154156,2.706947895193039e-11,0.06076162661040949,0.9392383733625201
141.74174174174175,2.4908819583318124e-11,0.06051882320183864,0.9394811767732517
141.94194194194196,2.2742033261574253e-11,0.06027699003564676,0.9397230099416104
142.14214214214215,2.0597164703720995e-11,0.06003612323519276,0.9399638767442092
142.34234234234236,1.8504733720745486e-11,0.059796218939375444,0.940203781042119
142.54254254254255,1.6497829256212918e-11,0.05955727330257444,0.9404427266809269
142.74274274274276,1.4612204858821364e-11,0.05931928249459101,0.940680717490796
142.94294294294295,1.288637558890763e-11,0.05908224270058968,0.940917757286523
143.14314314314316,1.1361716358895197e-11,0.05884615012103963,0.9411538498675978
143.34334334334335,1.0082561707692652e-11,0.058611000971657064,0.9413889990182596
143.54354354354356,9.096307009034914e-12,0.05837679148334721,0.9416232085075557
143.74374374374375,8.453511113774043e-12,0.05814351790214731,0.9418564820893983
143.94394394394396,8.03501938714906e-12,0.057911176485601124,0.942088823506363
144.14414414414415,7.63236227521653e-12,0.057679763504358814,0.942320236488008
144.34434434434436,7.2479075779539724e-12,0.05744927524830962,0.9425507247444417
144.54454454454455,6.885019778023219e-12,0.057219708022195316,0.9427802919709188
144.74474474474476,6.5468797233250226e-12,0.056991058145527664,0.9430089418479246
144.94494494494495,6.236460832392992e-12,0.05676332195253053,0.9432366780412322
145.14514514514516,5.956504684079799e-12,0.056536495792081774,0.9434635042019609
145.34534534534535,5.7094959915371115e-12,0.05631057602765591,0.9436894239666338
145.54554554554556,5.497636960487949e-12,0.05608555903726663,0.943914440957235
145.74574574574575,5.322821031792657e-12,0.05586144121340999,0.9441385587812664
145.94594594594597,5.186606008307386e-12,0.05563821896300748,0.9443617810318051
146.14614614614615,5.090186566036062e-12,0.05541588870734986,0.9445841112875591
146.34634634634637,5.0343661495750476e-12,0.05519444688204074,0.9448055531129241
146.54654654654655,5.019528251851107e-12,0.054973889936940995,0.9450261100580387
146.74674674674677,5.04560707815222e-12,0.05475421433611294,0.9452457856588407
146.94694694694695,5.112057594451544e-12,0.05453541655776527,0.9454645834371219
147.14714714714717,5.217824960024407e-12,0.054317493094197866,0.9456825069005835
147.34734734734735,5.361313344358247e-12,0.054100440451747264,0.9458995595428906
147.54754754754757,5.540354128355779e-12,0.053884255150732044,0.9461157448437268
147.74774774774775,5.752173489830928e-12,0.05366893372539888,0.9463310662688481
147.94794794794797,5.99335937329816e-12,0.05345447272386847,0.9465455272701374
148.14814814814815,6.25982784405441e-12,0.05324086870808219,0.9467591312856571
148.34834834834837,6.546788826554574e-12,0.05302811825374856,0.9469718817397038
148.54854854854855,6.848711227079454e-12,0.05281621795029054,0.9471837820428599
148.74874874874877,7.1592874406973685e-12,0.052605164400792485,0.9473948355920474
148.94894894894895,7.471397242518151e-12,0.05239495422194802,0.9476050457705798
149.14914914914917,7.777071063240865e-12,0.052185584044007645,0.9478144159482145
149.34934934934935,8.067452648993865e-12,0.051977050510727076,0.9480229494812047
149.54954954954957,8.33276110546859e-12,0.0517693502793155,0.9482306497123509
149.74974974974975,8.562252326345735e-12,0.05156248002038447,0.9484375199710525
149.94994994994997,8.744179806015063e-12,0.051356436417896695,0.9486435635733583
150.15015015015015,8.89064253566551e-12,0.051151216167852974,0.9488487838232555
150.35035035035037,9.068585792778757e-12,0.050946815976666865,0.9490531840142638
150.55055055055055,9.282289654409715e-12,0.050743232567074005,0.9492567674236428
150.75075075075077,9.531111905966286e-12,0.050540462675150596,0.9494595373153175
150.95095095095095,9.814198315954648e-12,0.05033850305002299,0.949661496940162
151.15115115115117,1.0130474543085231e-11,0.05013735045381642,0.9498626495360523
151.35135135135135,1.0478637957551734e-11,0.04993700166160438,0.9500629983279162
151.55155155155157,1.0857149376484351e-11,0.04973745346135792,0.9502625465277841
151.75175175175175,1.1264224713576025e-11,0.04953870265389554,0.9504612973348394
151.95195195195197,1.1697826542883056e-11,0.049340746052833,0.9506592539354684
152.15215215215215,1.2155655576798486e-11,0.049143580484533725,0.9508564195033098
152.35235235235237,1.2635142058200085e-11,0.04894720278805914,0.9510527971993049
152.55255255255256,1.3133437066770931e-11,0.048751609815119584,0.9512483901717461
152.75275275275277,1.3647403739494737e-11,0.04855679843002515,0.9514432015563267
152.95295295295296,1.4173608405323644e-11,0.04836276550963717,0.9516372344761884
153.15315315315317,1.4708311634020848e-11,0.04816950794331951,0.9518304920419713
153.35335335335336,1.5247459199175652e-11,0.0479770226328906,0.9520229773518611
153.55355355355357,1.578667295539337e-11,0.047785306492575244,0.9522146934916372
153.75375375375376,1.6321241629657654e-11,0.04759435644895717,0.9524056435347208
153.95395395395397,1.6846111526867656e-11,0.04740416944093135,0.9525958305422217
154.15415415415416,1.7355877149547637e-11,0.04721474241965706,0.9527852575629863
154.35435435435437,1.784477173173139e-11,0.04702607234851076,0.9529739276336436
154.55455455455456,1.830665768701913e-11,0.046838156203039605,0.9531618437786529
154.75475475475477,1.8735016970809168e-11,0.04665099097091489,0.9533490090103492
154.95495495495496,1.912294135670212e-11,0.04646457365188609,0.9535354263289901
155.15515515515517,1.9463122627079767e-11,0.046278901257734754,0.9537210987228013
155.35535535535536,1.9747842677856645e-11,0.046093970812229115,0.9539060291680223
155.55555555555557,1.9968963537406057e-11,0.04590977935107852,0.9540902206289517
155.75575575575576,2.0117917299659047e-11,0.045726323921888495,0.9542736760579927
155.95595595595597,2.0185695971377574e-11,0.045543601584115745,0.9544563983956977
156.15615615615616,2.0162841233600884e-11,0.04536160940902372,0.9546383905708126
156.35635635635637,2.0051060387332523e-11,0.04518034447843059,0.9548196555015176
156.55655655655656,1.9925488358562655e-11,0.04499980387819781,0.9550001961018759
156.75675675675677,1.9801165171754282e-11,0.04481998471205258,0.9551800152681456
156.95695695695696,1.9677731540943633e-11,0.04464088409690136,0.9553591158834202
157.15715715715717,1.95548279450989e-11,0.04446249916118593,0.9555375008192585
157.35735735735736,1.9432096355929587e-11,0.04428482704483922,0.9557151729357279
157.55755755755757,1.9309182015037108e-11,0.04410786489924105,0.955892135081449
157.75775775775776,1.9185735260407224e-11,0.04393160988717447,0.9560683900936391
157.95795795795797,1.9061413402243716e-11,0.04375605918278194,0.9562439407981559
158.15815815815816,1.8935882648143943e-11,0.04358120997152223,0.9564187900095411
158.35835835835837,1.88088200776156e-11,0.04340705945012706,0.9565929405310634
158.55855855855856,1.8679915665935362e-11,0.04323360482655844,0.9567663951547609
158.75875875875877,1.8548874357348764e-11,0.04306084331996588,0.9569391566614845
158.95895895895896,1.8415418187611918e-11,0.04288877216064418,0.9571112278209397
159.15915915915917,1.827928845587449e-11,0.04271738858999109,0.9572826113917289
159.35935935935936,1.8140247945904523e-11,0.042546689860465677,0.9574533101213933
159.55955955955957,1.7998083196654508e-11,0.04237667323554641,0.9576233267464548
159.75975975975976,1.7852606822169304e-11,0.04220733598969002,0.9577926639924567
159.95995995995997,1.7703659880835285e-11,0.04203867540829011,0.9579613245740055
160.16016016016016,1.7551114293971385e-11,0.04187068878763644,0.9581293111948117
160.36036036036037,1.7394875313761323e-11,0.04170337343487411,0.9582966265477303
160.56056056056056,1.7234884040527753e-11,0.04153672666796329,0.9584632733148011
160.76076076076077,1.7071119989347574e-11,0.04137074581563886,0.9586292541672893
160.96096096096096,1.6903603706009187e-11,0.04120542821737069,0.9587945717657249
161.16116116116117,1.6732399432310895e-11,0.04104077122332374,0.9589592287599431
161.36136136136136,1.6557617820701245e-11,0.040876772194318796,0.9591232277891228
161.56156156156158,1.6379418698260555e-11,0.04071342850179313,0.9592865714818267
161.76176176176176,1.6198013880024325e-11,0.040550737527761706,0.9594492624560396
161.96196196196198,1.6013670031647853e-11,0.04038869666477827,0.9596113033192073
162.16216216216216,1.5826711581412777e-11,0.04022730331589709,0.9597726966682755
162.36236236236238,1.563752368157475e-11,0.04006655489463456,0.9599334450897272
162.56256256256256,1.5446555219053105e-11,0.039906448824931384,0.9600935511596214
162.76276276276278,1.5254321875461603e-11,0.039746982541114695,0.9602530174436302
162.96296296296296,1.5061409236481208e-11,0.03958815348786072,0.9604118464970771
163.16316316316318,1.486847595057394e-11,0.039429959120157364,0.9605700408649734
163.36336336336336,1.4676256937038717e-11,0.03927239690326741,0.9607276030820556
163.56356356356358,1.4485566643408325e-11,0.039115464312691584,0.9608845356728221
163.76376376376376,1.4297302352188357e-11,0.03895915883413221,0.9610408411515697
163.96396396396398,1.4112447536937268e-11,0.038803477963456776,0.96119652202243
164.16416416416416,1.3932075267688416e-11,0.0386484192066621,0.9613515807794051
164.36436436436438,1.3757351665713211e-11,0.038493980079838376,0.9615060199064035
164.56456456456456,1.3589539407626252e-11,0.038340158109133826,0.9616598418772759
164.76476476476478,1.3430001278831577e-11,0.03818695083071923,0.9618130491558501
164.96496496496496,1.328020377631088e-11,0.038034355790753045,0.961965644195966
165.16516516516518,1.3141720760752882e-11,0.03788237054534649,0.962117629441511
165.36536536536536,1.3009875212883483e-11,0.03773099265075619,0.9622690073362332
165.56556556556558,1.2870982824571494e-11,0.037580219659109765,0.9624197803280186
165.76576576576576,1.2724361291664134e-11,0.03743004915217559,0.9625699508350993
165.96596596596598,1.2569893663846168e-11,0.037280478722218395,0.962719521265211
166.16616616616616,1.240749143054584e-11,0.03713150597113507,0.9628684940164567
166.36636636636638,1.2237096047595005e-11,0.036983128510417455,0.9630168714773447
166.56656656656656,1.2058680487095067e-11,0.03683534396111565,0.963164656026825
166.76676676676678,1.187225081048796e-11,0.03668814995380124,0.9633118500343258
166.96696696696696,1.167784776483293e-11,0.03654154412853098,0.9634584558597905
167.16716716716718,1.147554840228832e-11,0.03639552413481043,0.9636044758537133
167.36736736736736,1.1265467722799193e-11,0.03625008763155811,0.9637499123571758
167.56756756756758,1.1047760339989946e-11,0.03610523228706947,0.9638947677018821
167.76776776776777,1.0822622170262805e-11,0.03596095577898147,0.9640390442101952
167.96796796796798,1.0590292145101216e-11,0.035817255794236995,0.964182744195172
168.16816816816817,1.0351053946579202e-11,0.0356741300290498,0.9643258699605984
168.36836836836838,1.0105237766075588e-11,0.03553157618886937,0.9644684238010247
168.56856856856857,9.85322208619417e-12,0.03538959198834624,0.9646104080017999
168.76876876876878,9.595435485888796e-12,0.03524817515129729,0.9647518248391066
168.96896896896897,9.332358468794365e-12,0.03510732341067147,0.9648926765799954
169.16916916916918,9.064525314762715e-12,0.034967034508515495,0.9650329654824192
169.36936936936937,8.792525954604503e-12,0.034827306195939975,0.9651726937952668
169.56956956956958,8.517007868035872e-12,0.03468813623308552,0.9653118637583967
169.76976976976977,8.238678004831187e-12,0.034549522389089315,0.9654504776026713
169.96996996996998,7.958304729180555e-12,0.03441146244205158,0.9655885375499894
170.17017017017017,7.676719787253364e-12,0.03427395417900258,0.96572604581332
170.37037037037038,7.394820297966642e-12,0.03413699539586949,0.965863004596735
170.57057057057057,7.113570766959443e-12,0.03400058389744384,0.9659994160954419
170.77077077077078,6.834005123772018e-12,0.03386471749734873,0.9661352824958166
170.970970970971,6.55722878223101e-12,0.033729394018006696,0.9662706059754353
171.17117117117118,6.28442072403965e-12,0.033594611290607486,0.9664053887031074
171.3713713713714,6.016835605573389e-12,0.03346036715507603,0.9665396328389064
171.57157157157158,5.755805887881319e-12,0.0333266594600409,0.9666733405342026
171.7717717717718,5.5027439898924486e-12,0.03319348606280259,0.9668065139316939
171.97197197197198,5.259144464827987e-12,0.03306084482930235,0.9669391551654378
172.1721721721722,5.026586199818459e-12,0.03292873363409091,0.9670712663608818
172.37237237237238,4.8067346387268105e-12,0.03279715036029775,0.9672028496348948
172.5725725725726,4.60134402817638e-12,0.03266609289960018,0.9673339070957978
172.77277277277278,4.412259686784803e-12,0.032535559152193035,0.967464440843394
172.972972972973,4.241420297602851e-12,0.032405547026758214,0.9675944529689997
173.17317317317318,4.090860223759134e-12,0.0322760544404347,0.9677239455554737
173.3733733733734,3.9627118473098116e-12,0.03214707931878855,0.967852920677248
173.57357357357358,3.859207931294082e-12,0.03201861959578336,0.9679813804003568
173.7737737737738,3.782684004994776e-12,0.03189067321375058,0.9681093267824661
173.97397397397398,3.735580772404627e-12,0.03176323812336046,0.9682367618729033
174.1741741741742,3.720348716503812e-12,0.031636312283504435,0.9683636877127745
174.37437437437438,3.722674691712785e-12,0.03150989364612117,0.9684901063501554
174.5745745745746,3.730957496143884e-12,0.03138398017374805,0.9686160198225202
174.77477477477478,3.7452256163461924e-12,0.03125856984754161,0.9687414301487124
174.974974974975,3.76549358730371e-12,0.031133660656734938,0.9688663393394988
175.17517517517518,3.7917612566868856e-12,0.031009250598606788,0.9689907493976007
175.3753753753754,3.824013036604878e-12,0.030885337678450597,0.9691146623177246
175.57557557557558,3.862217142858404e-12,0.03076191990954396,0.9692380800865931
175.7757757757758,3.906324821693339e-12,0.030638995313117985,0.9693610046829749
175.97597597597598,3.956269564054917e-12,0.0305165619183271,0.9694834380777159
176.1761761761762,4.01196630734265e-12,0.030394617762218752,0.9696053822337686
176.37637637637638,4.07331062466586e-12,0.030273160889703582,0.9697268391062224
176.5765765765766,4.1401779015999634e-12,0.030152189353525448,0.9698478106423336
176.77677677677679,4.212422500443302e-12,0.030031701214231942,0.9699682987815549
176.976976976977,4.289876911974786e-12,0.029911694540144786,0.9700883054555646
177.17717717717719,4.372350894712054e-12,0.029792167407330646,0.9702078325882962
177.3773773773774,4.459630601670459e-12,0.029673117899571905,0.9703268820959677
177.57757757757759,4.551477694622554e-12,0.029554544108337834,0.97044545588711
177.7777777777778,4.6476284458584205e-12,0.029436444132755674,0.9705635558625959
177.977977977978,4.747792827446485e-12,0.029318816079582165,0.9706811839156693
178.1781781781782,4.851653587995189e-12,0.02920165806317498,0.9707983419319726
178.3783783783784,4.958865316915137e-12,0.0290849682054646,0.9709150317895758
178.5785785785786,5.0690534961821104e-12,0.028968744635926073,0.9710312553590041
178.7787787787788,5.181813539600539e-12,0.028852985491551256,0.9711470145032661
178.978978978979,5.296709819567863e-12,0.028737688916820915,0.9712623110778816
179.1791791791792,5.413274681339326e-12,0.028622853063677282,0.9713771469309087
179.3793793793794,5.531007444793692e-12,0.028508476091496537,0.9714915239029717
179.5795795795796,5.6493733936993585e-12,0.028394556167061706,0.9716054438272882
179.7797797797798,5.767802752481415e-12,0.028281091464535453,0.971718908529696
179.97997997998,5.885689650489093e-12,0.02816808016543336,0.9718319198286802
180.1801801801802,6.00239107376416e-12,0.028055520458597046,0.9719444795353998
180.3803803803804,6.117225804309706e-12,0.02794341054016779,0.9720565894537142
180.5805805805806,6.229473346859868e-12,0.027831748613560008,0.9721682513802098
180.7807807807808,6.338372843149962e-12,0.0277205328894352,0.9722794671042256
180.980980980981,6.4431219736875334e-12,0.027609761585675796,0.9723902384078803
181.1811811811812,6.542875847023836e-12,0.027499432927359412,0.972500567066097
181.3813813813814,6.636745876526205e-12,0.027389545146733082,0.9726104548466294
181.5815815815816,6.723798644650885e-12,0.027280096483187837,0.9727199035100876
181.7817817817818,6.803054754716728e-12,0.027171085183233266,0.9728289148099629
181.981981981982,6.873487670179367e-12,0.02706250950047248,0.9729374904926533
182.1821821821822,6.934022541406241e-12,0.026954367695576978,0.9730456322974882
182.3823823823824,6.983535019952115e-12,0.02684665803626197,0.9731533419567537
182.5825825825826,7.020850060335423e-12,0.026739378797261598,0.9732606211957168
182.7827827827828,7.044740709315152e-12,0.02663252826030459,0.9733674717326499
182.982982982983,7.053926882668489e-12,0.02652610471408982,0.9734738952788555
183.1831831831832,7.0482002953272785e-12,0.026420106452488254,0.9735798935404628
183.3833833833834,7.03735146988343e-12,0.026314531760454007,0.9736854682325079
183.5835835835836,7.0239200798213586e-12,0.026209378941172395,0.9737906210518029
183.7837837837838,7.0078621816080014e-12,0.02610464630868183,0.9738953536843096
183.983983983984,6.989141219454016e-12,0.02600033218376679,0.9739996678092434
184.1841841841842,6.967728388178731e-12,0.025896434893931855,0.9741035650990997
184.3843843843844,6.9436030015778435e-12,0.025792952773376038,0.9742070472196797
184.5845845845846,6.91675286629378e-12,0.0256898841629671,0.9743101158301154
184.7847847847848,6.887174661188827e-12,0.025587227410216205,0.9744127725828959
184.984984984985,6.8548743222209215e-12,0.025484980869252483,0.9745150191238919
185.1851851851852,6.819867432822207e-12,0.025383142900797996,0.9746168570923814
185.3853853853854,6.782179619780233e-12,0.025281711872142586,0.9747182881210745
185.5855855855856,6.741846954621961e-12,0.025180686157119114,0.9748193138361383
185.7857857857858,6.698916360500376e-12,0.02508006413607861,0.9749199358572218
185.985985985986,6.653446024583916e-12,0.0249798441958658,0.97502015579748
186.1861861861862,6.605505815948513e-12,0.024880024729794545,0.9751199752635993
186.3863863863864,6.555177708972452e-12,0.02478060413762364,0.9752193958558205
186.5865865865866,6.50255621223383e-12,0.02468158082553255,0.9753184191679641
186.7867867867868,6.447748802910846e-12,0.024582953206097508,0.975417046787454
186.986986986987,6.39087636668468e-12,0.024484719698267526,0.9755152802953408
187.1871871871872,6.3320736431452154e-12,0.02438687872734078,0.9756131212663265
187.3873873873874,6.271489676699338e-12,0.0242894287249409,0.9757105712687869
187.5875875875876,6.209288272982086e-12,0.02419236812899368,0.9758076318647964
187.7877877877878,6.1456484607703775e-12,0.024095695383703614,0.97590430461015
187.987987987988,6.08076495939958e-12,0.023999408939530908,0.9760005910543876
188.1881881881882,6.014848651682663e-12,0.023903507253168317,0.9760964927408161
188.3883883883884,5.948127062332202e-12,0.023807988787518414,0.9761920112065328
188.5885885885886,5.88084484188495e-12,0.023712852011670758,0.9762871479824476
188.7887887887888,5.813264256129267e-12,0.023618095400879408,0.9763819045933066
188.988988988989,5.745665681035117e-12,0.023523717436540404,0.9764762825577132
189.1891891891892,5.6783481031869246e-12,0.023429716606169562,0.9765702833881513
189.3893893893894,5.611629625718996e-12,0.023336091403380235,0.9766639085910074
189.5895895895896,5.545847979753806e-12,0.023242840327861412,0.976757159666592
189.7897897897898,5.4813610413428365e-12,0.023149961885355758,0.9768500381091622
189.98998998999,5.418547353910291e-12,0.023057454587638,0.9769425454069427
190.1901901901902,5.357806656199367e-12,0.02296531695249324,0.9770346830421482
190.3903903903904,5.299560415721385e-12,0.022873547503695663,0.977126452491004
190.5905905905906,5.2442523677074935e-12,0.02278214477098711,0.9772178552237679
190.7907907907908,5.192349059563218e-12,0.022691107290056082,0.9773088927047509
190.990990990991,5.1443404008255974e-12,0.022600433602516606,0.9773995663923384
191.1911911911912,5.100740218623153e-12,0.022510122255887506,0.9774898777390111
191.3913913913914,5.062086818638457e-12,0.02242017180357159,0.9775798281913656
191.5915915915916,5.028943551573518e-12,0.022330580804835184,0.9776694191901352
191.7917917917918,5.0018993851177865e-12,0.022241347824787608,0.9777586521702097
191.991991991992,4.9815694814189505e-12,0.02215247143436101,0.9778475285606567
192.1921921921922,4.966882007169986e-12,0.022063950205381388,0.977936049789651
192.3923923923924,4.95330145255572e-12,0.021975782705458143,0.9780242172895879
192.5925925925926,4.940566386498e-12,0.021887967520125482,0.9781120324749333
192.7927927927928,4.92870539678639e-12,0.021800503241409665,0.9781994967536609
192.992992992993,4.917744550102673e-12,0.021713388466969685,0.9782866115281118
193.1931931931932,4.907707218248149e-12,0.02162662180007572,0.9783733781950159
193.3933933933934,4.898613901402704e-12,0.021540201849587486,0.9784597981455132
193.5935935935936,4.890482048415734e-12,0.021454127229932916,0.9785458727651759
193.7937937937938,4.8833258741288374e-12,0.02136839656108676,0.9786316034340292
193.993993993994,4.877156173730344e-12,0.021283008468549504,0.9787169915265727
194.1941941941942,4.871980134141637e-12,0.021197961583326208,0.9788020384118011
194.3943943943944,4.867801142435295e-12,0.021113254541905657,0.9788867454532258
194.5945945945946,4.864618591285036e-12,0.021028885986239445,0.9789711140088952
194.7947947947948,4.862427681447479e-12,0.020944854563721374,0.9790551454314155
194.994994994995,4.861219221275701e-12,0.020861158927166765,0.9791388410679713
195.1951951951952,4.8609794232646185e-12,0.020777797734792085,0.9792222022603462
195.3953953953954,4.8616896976281705e-12,0.020694769650194525,0.9793052303449431
195.5955955955956,4.86332644290831e-12,0.020612073342331852,0.9793879266528042
195.7957957957958,4.865860833615811e-12,0.020529707485502213,0.9794702925096312
195.995995995996,4.8692586049028726e-12,0.020447670759324257,0.9795523292358058
196.1961961961962,4.873479834267553e-12,0.02036596184871715,0.9796340381464087
196.3963963963964,4.878478720289986e-12,0.020284579443880943,0.9797154205512398
196.5965965965966,4.884203358400434e-12,0.020203522240276838,0.9797964777548382
196.7967967967968,4.890595513679128e-12,0.020122788938607784,0.9798772110565009
196.996996996997,4.897590390687931e-12,0.020042378244798986,0.9799576217503028
197.1971971971972,4.905116400333803e-12,0.019962288869978737,0.9800377111251154
197.3973973973974,4.913094923764085e-12,0.01988251953045916,0.980117480464627
197.5975975975976,4.9214400732935774e-12,0.0198030689477173,0.9801969310473605
197.7977977977978,4.93005845036344e-12,0.0197239358483761,0.9802760641466931
197.997997997998,4.938848900531896e-12,0.019645118964185703,0.9803548810308748
198.1981981981982,4.947702265496751e-12,0.019566617032004695,0.9804333829630469
198.3983983983984,4.9565011321497085e-12,0.019488428793781647,0.9805115712012611
198.5985985985986,4.965119578662512e-12,0.019410552996536583,0.9805894469984976
198.7987987987988,4.973422917604881e-12,0.01933298839234278,0.9806670116026831
198.998998998999,4.981267436094267e-12,0.019255733738308453,0.9807442662567095
199.1991991991992,4.9885001329774095e-12,0.019178787796558794,0.980821212198452
199.3993993993994,4.994958453043717e-12,0.019102149334217926,0.9808978506607864
199.5995995995996,5.000470018270431e-12,0.01902581712339116,0.9809741828716076
199.7997997997998,5.004852356099632e-12,0.018949789941147176,0.9810502100538473
200.0,5.007912624747023e-12,0.018874066569500542,0.9811259334254908
