0.0,0.9791257605579007,0.20035198101233526,0.06990612475267764
0.2002002002002002,0.8652789190237087,0.36482819110700304,0.05359159942148172
0.4004004004004004,0.9348315906867846,0.2922477117233672,0.2797015906793599
0.6006006006006006,0.9565199429738322,0.32113928897659894,0.05709503748614409
0.8008008008008008,0.929042978386691,0.28378984085501235,0.24981592214913237
1.001001001001001,0.9263354356827589,0.269003007420821,0.06442286757757659
1.2012012012012012,0.7672840982120194,0.4244223878413669,0.22571313867275022
1.4014014014014016,0.8036966250960149,0.32709224080035915,0.17352468881327926
1.6016016016016017,0.7519828686661681,0.39883267034716796,0.08640831740915703
1.8018018018018018,0.7637517080729066,0.35641107739960765,0.14273350382859276
2.002002002002002,0.7332457229327555,0.2682253760294029,0.20081269707313748
2.2022022022022023,0.8833509992287636,0.44712266010572266,0.23333032302505421
2.4024024024024024,0.8954887933211659,0.3051715312423776,0.3020314525745472
2.6026026026026026,0.8558992226565127,0.29411228924715077,0.12161218420784212
2.802802802802803,0.7687451239788887,0.34341127092219775,0.1454559168499238
3.0030030030030033,0.7130806623236394,0.345065807172658,0.2719428533291472
3.2032032032032034,0.7769780398533724,0.3608372979009645,0.12949881135506833
3.4034034034034035,0.8285717200438433,0.28808876645694015,0.30317410622207425
3.6036036036036037,0.8285343246368236,0.32003975414391805,0.28552342931973906
3.8038038038038042,0.8279999068508168,0.3918660917351471,0.2114143483145659
4.004004004004004,0.7832050128899217,0.4863516355406816,0.328535262502293
4.2042042042042045,0.7776371841570664,0.36051595788864227,0.3857874103829728
4.404404404404405,0.8354992774829644,0.3761537673634283,0.10670805591150365
4.604604604604605,0.7776895360974234,0.42289360881853355,0.26408209781788655
4.804804804804805,0.7274889456572999,0.3521308456374972,0.19626508931456677
5.005005005005005,0.6601001334397392,0.4773502490400274,0.1909932073046035
5.205205205205205,0.6910473645827062,0.43408145609577464,0.17948961523653187
5.405405405405406,0.6096608940048965,0.42896639953570864,0.17699885691277983
5.605605605605606,0.7771928664648533,0.4481239035739973,0.3078335688254776
5.805805805805806,0.726020932883588,0.4881425160532876,0.10138028522433384
6.0060060060060065,0.6543193378242933,0.39002583904641647,0.09368811063799216
6.206206206206207,0.7702592259976915,0.45532129129300947,0.16919528165026215
6.406406406406407,0.6411011370489141,0.5062110381861578,0.23609841096659237
6.606606606606607,0.6054071913890127,0.456902852801815,0.14262026879450512
6.806806806806807,0.6524711285878095,0.3692845790770065,0.4072168321496009
7.007007007007007,0.6366912496771578,0.4253515995520691,0.29189849082349395
7.207207207207207,0.5631541276302618,0.5480082691925408,0.12175518065696521
7.407407407407407,0.624892202354189,0.37174692400133424,0.11495280036954626
7.6076076076076085,0.565848762983122,0.46043573647419145,0.1599975526979503
7.807807807807809,0.7027270439394097,0.530497146977803,0.3870458444771962
8.008008008008009,0.6954031806829007,0.42164380673090524,0.28826075368029175
8.208208208208209,0.6108643273061447,0.439560665988776,0.18423068325391756
8.408408408408409,0.49837477583974027,0.5591707888292077,0.13696898152683495
8.608608608608609,0.632016374984294,0.567570539320845,0.13069494340598856
8.80880880880881,0.6229991105465906,0.43480264230928056,0.34175986612336406
9.00900900900901,0.6298328092509866,0.5328337168608562,0.37242846709527844
9.20920920920921,0.47712862944187784,0.5183646433716385,0.36507316215839336
9.40940940940941,0.4481358625560505,0.5534074242664265,0.4156473930177349
9.60960960960961,0.5899162942150734,0.5579672779871823,0.4698113507459589
9.80980980980981,0.4561035905541783,0.5118904870186165,0.2775115699126554
10.01001001001001,0.44648977083312413,0.4807357909121021,0.48094707663946223
10.21021021021021,0.49316476473051146,0.4677652020142365,0.17629821382447883
10.41041041041041,0.4728533946705564,0.4550747200950969,0.24452825517619248
10.61061061061061,0.5815418401429522,0.4522928098477631,0.22123673231020874
10.810810810810812,0.5798826196862503,0.4439001826125242,0.2750893748471323
11.011011011011012,0.402663789931389,0.45202268400458234,0.38612489612345774
11.211211211211213,0.5397711123443627,0.43618894848464423,0.24687389882134714
11.411411411411413,0.4264009268872239,0.618580889881814,0.4878261380973924
11.611611611611613,0.517263183415552,0.5771982033763982,0.20807723759186625
11.811811811811813,0.5548783927013965,0.620913418445626,0.4620959582982578
12.012012012012013,0.5571763358882773,0.599050088366358,0.5136472021579207
12.212212212212213,0.4090049437427224,0.477075264580214,0.3413808065021763
12.412412412412413,0.47596423185653436,0.6312025233405818,0.4129720412825153
12.612612612612613,0.4735867746378086,0.5733598140495892,0.3906008587467867
12.812812812812814,0.42304394373402,0.4499777865990736,0.5146114432636236
13.013013013013014,0.4226388107376917,0.6054632116389542,0.25075024601523677
13.213213213213214,0.5066684300269538,0.46764093848028176,0.30907886157223685
13.413413413413414,0.3835457517955472,0.49485486403771073,0.5105115754323589
13.613613613613614,0.36052789007538427,0.5483026604196314,0.36695832511154014
13.813813813813814,0.4274609037312721,0.6509412331179143,0.3029984070338565
14.014014014014014,0.49346262383096906,0.6342077258301648,0.46960481045103764
14.214214214214214,0.4928926967259584,0.5633736276829411,0.5587012112564168
14.414414414414415,0.45138560946184647,0.5379715154225532,0.46183267060688404
14.614614614614615,0.30536500613307976,0.4648829865903735,0.4307384204482118
14.814814814814815,0.43819598461996323,0.5401476523433439,0.5687375981837195
15.015015015015017,0.4660096072486578,0.6111635529382633,0.6269519579229093
15.215215215215217,0.38006682856523255,0.5545760044975688,0.6183507513990794
15.415415415415417,0.43255450719112476,0.6551610332826481,0.4586971780580728
15.615615615615617,0.2887632842559706,0.5992381427812008,0.4330742435255872
15.815815815815817,0.32694107148712204,0.657340952765325,0.645140974788837
16.016016016016017,0.428174925654611,0.5232264660597099,0.6002226837319073
16.216216216216218,0.37089281272492675,0.5867636980510273,0.322202722654713
16.416416416416418,0.35268656703191026,0.6207835264379666,0.5515502275900366
16.616616616616618,0.2756182278235818,0.5785170621380964,0.43176636935335133
16.816816816816818,0.29028013100702676,0.5393400114539281,0.612711571249704
17.017017017017018,0.3547284909791646,0.6452919096947478,0.47011780328872355
17.217217217217218,0.37782910652001506,0.5622226470896711,0.4318450353560637
17.41741741741742,0.3899690561085664,0.5645574411768197,0.33243887941576267
17.61761761761762,0.38304538666739063,0.46543988539449377,0.3792065950435979
17.81781781781782,0.375295772794682,0.5939162496257022,0.3903444236370045
18.01801801801802,0.274521016056262,0.616097907846423,0.3801610995677457
18.21821821821822,0.38519108725833984,0.561491667294488,0.5671653609303435
18.41841841841842,0.2504408858978768,0.48583601833139384,0.3784223205008502
18.61861861861862,0.3094090974325644,0.5077202861321286,0.6513547974160621
18.81881881881882,0.3589334403476753,0.49688853641474034,0.6839313232852406
19.01901901901902,0.29761676983115987,0.6051189987529351,0.6737327099368375
19.21921921921922,0.2025847767345325,0.4861785307407958,0.7068914177489507
19.41941941941942,0.2853111759221825,0.6405440229564133,0.480056883779172
19.61961961961962,0.20852407612273652,0.5043114189357955,0.6557259828731691
19.81981981981982,0.2663310050428149,0.5219513926789496,0.5532500850895192
20.02002002002002,0.36034288754876687,0.4461433602159936,0.5769741991733746
20.22022022022022,0.34184267826979775,0.5265235509926973,0.48242355201710635
20.42042042042042,0.2754597967719803,0.5962740949505686,0.6163202108631974
20.62062062062062,0.3537544535806083,0.5393396497725876,0.39875804452710445
20.82082082082082,0.18395445661763501,0.45704507174651193,0.6646046511151056
21.02102102102102,0.16961944478403818,0.46771365755649574,0.6329756829900692
21.22122122122122,0.2132412888896103,0.6184386479278524,0.6057661370834067
21.421421421421424,0.21082129567188357,0.5602412694146175,0.4411030746675316
21.621621621621625,0.1898107671325531,0.5292441486086782,0.4590387827593966
21.821821821821825,0.20528132523072312,0.5048000443312753,0.759295151818236
22.022022022022025,0.2051351592444026,0.5111918728075389,0.7515427343567991
22.222222222222225,0.14663191113254975,0.5493999541351796,0.5803989748979965
22.422422422422425,0.2529389932509213,0.5403300776006901,0.6531266220283207
22.622622622622625,0.1640259832726901,0.576484376601887,0.6222638996686611
22.822822822822825,0.3139653453994929,0.46643947393740137,0.567778706567507
23.023023023023026,0.1501348040669001,0.5351645479225918,0.7746594256562158
23.223223223223226,0.2862131931057304,0.49604220189346704,0.7245173961736511
23.423423423423426,0.1898731317778352,0.45171805380636565,0.6377752692417553
23.623623623623626,0.19991599294011947,0.6065706185265176,0.5987775035898562
23.823823823823826,0.12902345867705525,0.42585798568494965,0.6293442628809371
24.024024024024026,0.20366274618683983,0.4419538928627662,0.8209708464309762
24.224224224224226,0.15935055598220704,0.5565114250296965,0.7593335757691204
24.424424424424426,0.31702266147548547,0.6017625662588495,0.5142081864522677
24.624624624624627,0.2148354754769919,0.5365020953214212,0.8110850249546775
24.824824824824827,0.21873072021759032,0.46372140784924987,0.7295455340792528
25.025025025025027,0.21696464658596792,0.44891077317669437,0.8129234457877124
25.225225225225227,0.1954915733989337,0.43053898701753657,0.7472067889385844
25.425425425425427,0.2275702129566861,0.491878537150943,0.5954739811400315
25.625625625625627,0.2519371543593275,0.5034983137993383,0.7160266425527808
25.825825825825827,0.1072783297301537,0.5753005958702226,0.6694884817174901
26.026026026026027,0.2898153880680206,0.4074225148055158,0.7071764631404797
26.226226226226228,0.28148585360250566,0.4148288385633813,0.7813075800437514
26.426426426426428,0.1739382596244587,0.5077664008841539,0.7039381017337174
26.626626626626628,0.28904999599422143,0.4781409099003914,0.6469298237098746
26.826826826826828,0.17155806549747432,0.45844882085623945,0.8833443422144074
27.027027027027028,0.22259823156705183,0.5384180563514466,0.6042537812645328
27.227227227227228,0.11735189208555485,0.45679494073217425,0.8471609353183643
27.42742742742743,0.14992929004871242,0.3983490009667695,0.6772205991422622
27.62762762762763,0.2707596340476872,0.4624704074296763,0.7840369838947687
27.82782782782783,0.14829096302780384,0.5290395401376604,0.8903852613180439
28.02802802802803,0.18770986275677515,0.43478285455908067,0.7530193588311453
28.22822822822823,0.1409541847146008,0.3912118710136621,0.7675750602751926
28.42842842842843,0.1022871664599081,0.42446558100100834,0.5640309922584872
28.62862862862863,0.19174803877001334,0.3757488603552106,0.616472963331326
28.82882882882883,0.09859388847653003,0.39358360075088916,0.8436425589758094
29.02902902902903,0.1583586311829424,0.5090674767791913,0.7213669664489365
29.22922922922923,0.1636371514939441,0.4971126817268309,0.8097562943033949
29.42942942942943,0.11336182892753477,0.3565300782211458,0.6091169745883593
29.62962962962963,0.11453096250040137,0.5229805922405514,0.8469226093586317
29.82982982982983,0.26404502720215717,0.34617025005677526,0.8906305824300558
30.030030030030034,0.2030692901687159,0.36278686186851056,0.784661841928563
30.230230230230234,0.09933736029232457,0.4036317904404954,0.9135138965050063
30.430430430430434,0.09493681691481647,0.4419368974241334,0.8428771010619567
30.630630630630634,0.13633149975980957,0.3450188114406182,0.8627637870412408
30.830830830830834,0.08408418236378608,0.44374130177832205,0.755820888517222
31.031031031031034,0.22031837218534783,0.36096427033543815,0.8675117428715633
31.231231231231234,0.12909443676247126,0.3328281208857469,0.6374393081872982
31.431431431431434,0.10604809537672652,0.359511430488898,0.7610254074272879
31.631631631631635,0.1046340316242605,0.4053068769556969,0.7709163088885922
31.831831831831835,0.11944210281702267,0.3362448314539334,0.6957847635959022
32.032032032032035,0.09022705050210787,0.3626891706792378,0.8742830862424675
32.232232232232235,0.15909682883187287,0.3253520509856818,0.670495367042073
32.432432432432435,0.10316627481380092,0.47802294832156145,0.7922186124857706
32.632632632632635,0.24248597833781205,0.3458810935433515,0.8241183749217049
32.832832832832835,0.15197555937859736,0.4411616837081468,0.9438379930700593
33.033033033033036,0.12184364316461652,0.48102311735144926,0.7336309148313935
33.233233233233236,0.17606082210566892,0.4370255445260098,0.744729353461988
33.433433433433436,0.19894482563216082,0.3237777737521939,0.9576135418212737
33.633633633633636,0.07753215093181495,0.3727081351470148,0.927042397574273
33.833833833833836,0.08069288309166911,0.47224727011704326,0.8199796559735114
34.034034034034036,0.2249863151526423,0.41072007153422485,0.978135246336822
34.234234234234236,0.07846086899701174,0.4565477510534284,0.9342698535964162
34.434434434434436,0.1774260563096376,0.39534574909554204,0.9983239834804856
34.63463463463464,0.23916667023349628,0.4412234704941471,0.8709790673649753
34.83483483483484,0.22171730590678165,0.3221220005919984,0.8359357159857066
35.03503503503504,0.20213057039889276,0.34544718174118266,0.9903930594489331
35.23523523523524,0.10472470631207714,0.401682212677248,0.8172411613153581
35.43543543543544,0.17497915305562556,0.30834545925996426,1.0069915078495058
35.63563563563564,0.14802894870421232,0.3554163413236151,0.8684038949493713
35.83583583583584,0.24810351349721116,0.27932684372864575,0.9009872399394704
36.03603603603604,0.2203499337844189,0.3288795764007586,0.7260329492264413
36.23623623623624,0.2527055212991084,0.3825672721725192,0.7024300169341926
36.43643643643644,0.2171858280145633,0.39958520037581846,0.8790484171994013
36.63663663663664,0.2126704256335445,0.35274895122658245,0.8211274852706468
36.83683683683684,0.06047789938670936,0.36845678099666024,0.95468952001583
37.03703703703704,0.14126499284706429,0.4163605393690557,0.9629758214944322
37.23723723723724,0.1606119016310853,0.4123145416750237,0.6897164312739339
37.43743743743744,0.08032571893568843,0.33897680403965436,0.8792277509557417
37.63763763763764,0.15285572738671496,0.4054401828437534,0.8099636057224087
37.83783783783784,0.11362447380139176,0.4146294136900095,0.888540611996194
38.03803803803804,0.0595564088546788,0.3767159092070198,0.9281608950674097
38.23823823823824,0.12388989359548111,0.2519734099968594,0.8255989535144787
38.43843843843844,0.19258187189589307,0.349421937284371,0.9467091131264441
38.63863863863864,0.20906822926616161,0.3658516448132665,0.940154957284017
38.83883883883884,0.12732204323099214,0.2660403774461183,0.9492557338910448
39.03903903903904,0.20667947516855423,0.30150227515602773,0.9159264519260627
39.23923923923924,0.08284432672096126,0.2523252470649339,0.7844242236350607
39.43943943943944,0.14812324377007025,0.24516921590484037,0.9603446641491431
39.63963963963964,0.06496718911524671,0.33156814897183867,0.8752963947266428
39.83983983983984,0.08894515423705396,0.26956366752444805,0.9846372492059452
40.04004004004004,0.08453130307212388,0.37905889153313793,0.8519424326684535
40.24024024024024,0.10875416184372522,0.23784546296706005,1.0413288383739372
40.44044044044044,0.06867186372639154,0.3287864648736134,1.0306133082579196
40.64064064064064,0.09151125704376276,0.3109618394225746,0.9557798851060677
40.84084084084084,0.0824602530746635,0.4011024236834216,0.7775049944214505
41.04104104104104,0.08691311847501874,0.34424123632370063,1.0027350013717826
41.24124124124124,0.18099845098723333,0.2750836755293519,1.0278281214412188
41.44144144144144,0.2419441313457517,0.3267696553175825,0.9821842618294097
41.64164164164164,0.15769517354217744,0.29253856485855995,0.7639604570281846
41.84184184184184,0.2352728307175121,0.35280826203731586,1.0327765343221091
42.04204204204204,0.10004971812219197,0.28199172636320813,0.9585982030481156
42.24224224224224,0.048916854237477096,0.27440185181974275,0.8739780371857897
42.44244244244244,0.059226797017016136,0.3750191178726468,0.8947135003663007
42.64264264264264,0.16070166353218845,0.3904921775979641,0.8300392273473309
42.84284284284285,0.1680076602397673,0.39564225243536466,0.9504627743238142
43.04304304304305,0.14025617504083893,0.38792982230208306,1.117229525498227
43.24324324324325,0.18904513567542292,0.39575951881085236,1.1120001003723738
43.44344344344345,0.0746480083139349,0.23369105714557614,0.8166239412156958
43.64364364364365,0.20977177423555368,0.2623016720985686,0.8925502206105708
43.84384384384385,0.11788133074838578,0.3171832206742703,1.0659375050247915
44.04404404404405,0.06755668824947558,0.3832718583671747,0.8483534516976884
44.24424424424425,0.06293691793372731,0.32949318189464205,1.128720098099919
44.44444444444445,0.0685626522145619,0.3585602129408027,1.0107933854853914
44.64464464464465,0.17070842222778443,0.1945765256445568,1.0072268615922806
44.84484484484485,0.1182797674620483,0.23684820250364036,0.9023478521021273
45.04504504504505,0.10920549333122476,0.3202525797767609,0.9554557094385822
45.24524524524525,0.10087465217814998,0.2335611084495314,0.7876935951171258
45.44544544544545,0.20985945184457913,0.2516176754370749,0.7807064843422564
45.64564564564565,0.08501236344211907,0.37554384653720624,1.0326782306955447
45.84584584584585,0.0834313488008073,0.258171875438884,1.0391082366269637
46.04604604604605,0.15219561005937862,0.32748763622725335,1.0767051926222686
46.24624624624625,0.05801263929674282,0.2380347735429944,1.1401936396784502
46.44644644644645,0.19904575108491898,0.2517078340753918,0.8658062194526743
46.64664664664665,0.2079361475693317,0.18881267977254035,0.9295493404661257
46.84684684684685,0.22210842146134346,0.26863870340269375,1.0299662442443585
47.04704704704705,0.07404693242206098,0.3242197172045384,1.0085469434983514
47.24724724724725,0.17701018593754042,0.34304551796644195,0.8107821720364459
47.44744744744745,0.14157604715835687,0.20791907011996197,0.9629515782123987
47.64764764764765,0.12677668933024888,0.28167232788199814,0.8879877001832099
47.84784784784785,0.2198387771229351,0.20090172239665333,1.151205418335383
48.04804804804805,0.1765840150736455,0.19123955315192098,0.8407331449047171
48.24824824824825,0.06630050439396142,0.19089520007551553,0.8581994112530815
48.44844844844845,0.05632679640577956,0.21104181158663135,0.9243875576737602
48.64864864864865,0.18424497186314812,0.1853903188070209,0.9708609704556372
48.84884884884885,0.10965337475230859,0.2379133840000217,1.1531832854831732
49.04904904904905,0.1327099858432666,0.31497254743286585,1.0073043537153843
49.24924924924925,0.1074870181744638,0.22276199613450115,0.9546445214689978
49.44944944944945,0.1801957504431685,0.27442873894583597,1.0096097469153824
49.64964964964965,0.16195002689321192,0.30979340939684763,0.8761021287555929
49.84984984984985,0.1671341606236743,0.23157238846047384,0.9760627878431188
50.050050050050054,0.08703348722489028,0.22104017886187888,0.8223684038368836
50.250250250250254,0.20611208817730284,0.26832085977038156,0.8246554481622517
50.450450450450454,0.17187556525441153,0.2824163856796248,1.1620441156951655
50.650650650650654,0.15878691001901546,0.2885564950902245,0.89821615922633
50.850850850850854,0.21346152129664833,0.16876180752298459,0.9742587392476905
51.051051051051054,0.08012515334339022,0.29169496986914434,0.8530285704390589
51.251251251251254,0.2054619336860569,0.20628219886667837,0.8821530363552813
51.451451451451454,0.22027018771344165,0.19362021241675842,0.9156062670416043
51.651651651651655,0.12949301553767595,0.290779303824107,0.8351735085911337
51.851851851851855,0.21801235045917597,0.29952048743306,0.842828193413174
52.052052052052055,0.08078478218653147,0.32846921511729754,0.9610087941241788
52.252252252252255,0.21899148533081117,0.3342954769819305,1.1516795297720648
52.452452452452455,0.10311301112422905,0.18521102299009576,0.8602904734987619
52.652652652652655,0.07189847024444568,0.21185384477925967,0.9485169278045702
52.852852852852855,0.06246986047852494,0.2660005030250257,1.190694422760725
53.053053053053056,0.04068320817654239,0.2514690554715735,1.0252352635956763
53.253253253253256,0.15762120705451416,0.20512825348984393,0.8542082954935355
53.453453453453456,0.17471895273086369,0.2675998523822697,1.0336505369568523
53.653653653653656,0.20820075068878838,0.15561163837787015,0.8705129974412739
53.853853853853856,0.07564767846749788,0.2875759551164324,0.9538135226487429
54.054054054054056,0.11846086876531595,0.21692250138459523,1.091101986721156
54.254254254254256,0.0741306356023678,0.23754447417095964,1.00563527289632
54.454454454454456,0.19556251848158646,0.2482076934718761,0.9724459243057633
54.65465465465466,0.13912069380495456,0.19012603602470482,1.198417264203183
54.85485485485486,0.07869569497586583,0.2567527441122201,1.0254141629621012
55.05505505505506,0.1536228166042248,0.30322700547982157,0.9890199182243326
55.25525525525526,0.1821402028237772,0.16151731964792188,1.0677069620514046
55.45545545545546,0.11048384603441105,0.317003050829886,1.0832297301315796
55.65565565565566,0.04443583104742225,0.14160494818456604,1.1703995645350513
55.85585585585586,0.12301107368782384,0.14182769178396532,1.034877698816985
56.05605605605606,0.19784788255764904,0.16377282493447082,1.1754818326675927
56.25625625625626,0.21472699732289913,0.13270345127618177,1.151606824304309
56.45645645645646,0.05911345144564283,0.23812928578352716,0.8932648439178031
56.65665665665666,0.09021391545590143,0.16298947860960938,1.1765863990955394
56.85685685685686,0.12713911795982333,0.12388794378083319,1.0723780814188804
57.05705705705706,0.11936686977444881,0.19374381425984238,1.0083971394922695
57.25725725725726,0.09223513495065847,0.17979485251617938,1.1360217805856765
57.45745745745746,0.12857897469372054,0.3007314344461578,0.9712345729249591
57.65765765765766,0.04504599503616532,0.11744140909348759,0.9622788119960071
57.85785785785786,0.027383182152718233,0.13525459155012942,0.9997877886239388
58.05805805805806,0.10831213481528153,0.17054144006809357,0.9143631971616001
58.25825825825826,0.2205594718702026,0.28329575237123616,1.1533686287021694
58.45845845845846,0.19593042130497496,0.24616206047914985,1.1180957911843807
58.65865865865866,0.0449198763647005,0.12789236226346842,1.0835145819019885
58.85885885885886,0.11787761409942107,0.24868813134250312,0.9962764652461358
59.05905905905906,0.21705255868637963,0.1159097797081581,0.9628382361407136
59.25925925925926,0.20925982868797957,0.21267780374060063,0.9677910901763105
59.45945945945946,0.04326114538450246,0.24509113112897277,1.0664733512305327
59.65965965965966,0.05585609958774983,0.11890005103867166,1.1236888303315433
59.85985985985987,0.02841155021101151,0.1458170774255234,1.1883084367852743
60.06006006006007,0.21977101132697996,0.24168993186780954,1.0970115308458674
60.26026026026027,0.1266408425129394,0.20839793689126526,1.0684364599072622
60.46046046046047,0.08775581818986941,0.12228702993621637,1.1975779036379204
60.66066066066067,0.19913749252952495,0.22689751561177676,1.141806518041232
60.86086086086087,0.0667720514994318,0.2191003626784249,1.0573308330160929
61.06106106106107,0.09850121271834873,0.2746731659487669,1.1177912637962801
61.26126126126127,0.167467205356147,0.12910637230411393,0.9931521787946824
61.46146146146147,0.06322230214317803,0.263692267698319,0.9479255129540055
61.66166166166167,0.11760365956228136,0.273789586895428,0.9975637189909695
61.86186186186187,0.10638344576118271,0.10366773008975297,0.9381534819939595
62.06206206206207,0.11852171679683468,0.13008336050805647,1.1156623097942675
62.26226226226227,0.03398924665501363,0.24177999158832308,1.0078153198268534
62.46246246246247,0.16178281705193887,0.19685374236244396,1.2134533620919459
62.66266266266267,0.08689258269002599,0.17751692903519134,0.9473451875431452
62.86286286286287,0.20467874838971972,0.27919725000938245,0.9240296497075687
63.06306306306307,0.038970645768361456,0.16528274952498068,0.9802605578878822
63.26326326326327,0.13937829372910573,0.11876332085809929,0.9987045761944021
63.46346346346347,0.20006227465402737,0.09439172957493636,0.9818417290367337
63.66366366366367,0.07077114522864898,0.1860755713499415,1.245209991439976
63.86386386386387,0.19995976457422115,0.19762054826693642,1.092386356541571
64.06406406406407,0.0339896761732132,0.10210338968125715,1.1819710250368787
64.26426426426427,0.07817252877417626,0.19360708352747802,1.091216604805003
64.46446446446447,0.1122692855321046,0.27672311406120575,1.2182049619083206
64.66466466466467,0.03400252652507421,0.15670640514694723,0.9184921994825789
64.86486486486487,0.140124069680877,0.17586633807648538,1.156851091489377
65.06506506506507,0.05928417627761885,0.27624552272026554,1.1486581852765767
65.26526526526527,0.19090907279339914,0.12569844958270218,1.0398399122375936
65.46546546546547,0.06006313073320017,0.22839290430138282,1.0715439520146093
65.66566566566567,0.029047584073449824,0.14060718574009032,1.1998930924702402
65.86586586586587,0.08338649169870563,0.19127434464915027,1.149520456529841
66.06606606606607,0.09112743705575373,0.09659016838454657,1.2041262377297404
66.26626626626627,0.1279061744335156,0.09525435097888678,0.968980009702964
66.46646646646647,0.021918877433384287,0.19325263100113454,0.9657816778817073
66.66666666666667,0.12126326333138518,0.10455214843334294,1.076484346885198
66.86686686686687,0.14603471944472893,0.22906926425014998,1.0183901272616278
67.06706706706707,0.07984561037762503,0.20742655138843674,1.250891912626344
67.26726726726727,0.1007911477350115,0.16448418581860155,0.9829041793690588
67.46746746746747,0.1489280051528153,0.14661171428934852,1.0980574260139944
67.66766766766767,0.08396971933592022,0.13359675870148785,1.139874511552463
67.86786786786787,0.19286823174318704,0.20689487417635147,1.1084871019089069
68.06806806806807,0.1684897807358485,0.19835399500291198,1.0149766226887322
68.26826826826827,0.1329232815917735,0.2530718137320157,1.011610067982876
68.46846846846847,0.12826306399787674,0.15713381946728255,0.9637301590198323
68.66866866866867,0.0409689043016804,0.2505512151375852,0.924604462847356
68.86886886886887,0.1684181892993659,0.12396390563510121,0.9832530642405155
69.06906906906907,0.17880738975144286,0.10762757751577853,1.2607524625871476
69.26926926926927,0.04512344947251798,0.13081684984089775,1.0524391998940439
69.46946946946947,0.11911587270955681,0.23954665702443467,0.9524156074813521
69.66966966966967,0.11782014612912423,0.2329717498471796,1.0021258157632078
69.86986986986987,0.1222320501067889,0.24385549641722734,1.2597543124058324
70.07007007007007,0.11914430180024893,0.11237077197955395,0.9331918580080364
70.27027027027027,0.04496551005706628,0.13187393221129434,1.119031521962373
70.47047047047047,0.1885135906893603,0.14533604207006956,0.9303515941580321
70.67067067067067,0.2026169973916198,0.09930283047888269,1.251864176665305
70.87087087087087,0.12137605118618439,0.06848525815598862,0.951292393764248
71.07107107107107,0.05558159270830623,0.08409660258108538,1.1563592415303823
71.27127127127127,0.16321030626109828,0.062463084360246196,1.2249230172197527
71.47147147147147,0.054972496389675635,0.15283216709932662,1.1331132237126618
71.67167167167167,0.17038567402717103,0.22192422026814887,1.2210366323667086
71.87187187187187,0.19747835500818026,0.15750112404163083,1.1986026667708676
72.07207207207207,0.20445413231792522,0.143868978628684,1.029980882358605
72.27227227227228,0.15900813694186136,0.12915207455873012,1.0723952119988682
72.47247247247248,0.08687117836965313,0.22480102414425834,1.1051304534736122
72.67267267267268,0.08647595370092392,0.08814433260744196,0.972802997848702
72.87287287287288,0.07387246200473138,0.060379661771826756,1.1384021994314344
73.07307307307308,0.17862757752024536,0.08015306313922639,0.9465376922680352
73.27327327327328,0.18011947362286612,0.16016972666281462,1.1356302489137549
73.47347347347348,0.08937269934495651,0.09668887280226321,1.0984503738786944
73.67367367367368,0.1724342669397082,0.1133906884429802,0.9759123562798158
73.87387387387388,0.06654394806896578,0.22126077170764114,1.0413382726750355
74.07407407407408,0.09364769521372107,0.2135067914453039,1.2403843615516503
74.27427427427428,0.10721143795497613,0.23932533881134452,1.2409661539313968
74.47447447447448,0.09894482635055923,0.05331693963385462,1.0967428815241538
74.67467467467468,0.12629049677648968,0.05740326634079527,0.9839140644489566
74.87487487487488,0.12948155906592212,0.19881389978183417,0.9420370411249702
75.07507507507508,0.20506882555940423,0.2187934236367577,0.9645175256160354
75.27527527527528,0.1397793859001266,0.19665425383950141,1.0651431662617106
75.47547547547548,0.04948261918742308,0.21208071413966145,1.2903312362080102
75.67567567567568,0.15382118013981202,0.20734004542037693,1.0681392852468519
75.87587587587588,0.14998739500485953,0.08116121131079176,0.9849042648071503
76.07607607607608,0.05628414758953505,0.1298105751631462,1.2067720784247906
76.27627627627628,0.10109429767057576,0.12007501960576483,0.996665834756322
76.47647647647648,0.14857603818437928,0.18951438521650033,0.946267750731547
76.67667667667668,0.11527390430221258,0.12188439171776828,1.2045195257949097
76.87687687687688,0.051359451090551636,0.11275901892838264,1.29014825348605
77.07707707707708,0.15026723373654138,0.04973689941747582,0.9757137408236287
77.27727727727728,0.1833137721032922,0.18578864418587168,1.215118644177694
77.47747747747748,0.0844691624231219,0.16527149742639996,1.0835584006926258
77.67767767767768,0.1065115684136951,0.1568181867842957,0.9826191257459717
77.87787787787788,0.06486417289590907,0.06338447555328641,1.193541192412073
78.07807807807808,0.16160178219359883,0.16535171942228372,1.0640865634929724
78.27827827827828,0.13869246536479227,0.21690258450176575,1.0192249028526934
78.47847847847848,0.12319512837253185,0.17582147472803744,1.1811461199462716
78.67867867867868,0.06543737348816553,0.1469731258300241,1.1004020689730567
78.87887887887888,0.08577372689754068,0.1950436886875832,1.0068706882017944
79.07907907907908,0.10689724830189264,0.19971223129481275,1.1718497272359487
79.27927927927928,0.03845351019151287,0.1450248649616072,1.261303797193739
79.47947947947948,0.18539188955777738,0.18327395546754569,1.1584415400139443
79.67967967967968,0.1504582183376558,0.0957882510285713,1.0542654057911403
79.87987987987988,0.08982595238440955,0.2090937506201679,0.97474800410665
80.08008008008008,0.18542520126697748,0.18891084255323012,1.0665138563571275
80.28028028028028,0.1349115656192907,0.11842949339733738,1.208504257842997
80.48048048048048,0.2115539323303647,0.06038676237211171,1.2452947937561833
80.68068068068068,0.18407562759162105,0.045716310429339886,1.2849694994631309
80.88088088088088,0.1980685778788565,0.19734397091136088,1.1931589336425104
81.08108108108108,0.11270745875731848,0.10955475889502936,1.3053821976084263
81.28128128128128,0.09034084381174813,0.15737842984165537,1.121255520736053
81.48148148148148,0.12453184999685467,0.21218454265512812,1.1913823713156235
81.68168168168168,0.1219677172131623,0.06134153878318148,1.076412978556316
81.88188188188188,0.1988251311635399,0.19879966262177712,1.0427129040031782
82.08208208208208,0.13032039183446867,0.10864144395188671,1.215438418862034
82.28228228228228,0.08899139797684132,0.17031962063050746,0.9601423458122882
82.48248248248248,0.17741309283208312,0.1581253296355035,1.0045685180472084
82.68268268268268,0.19876951172788168,0.2102804011599554,1.2753217895523523
82.88288288288288,0.0756506441854207,0.20460112606698383,1.083706207431803
83.08308308308308,0.04507484411343723,0.05698784727224762,1.1233741391519763
83.28328328328328,0.10594542668887746,0.05836693128745549,1.1785716257198788
83.48348348348348,0.0923036461608043,0.05190320218116794,0.997896751108888
83.68368368368368,0.085603268829866,0.13881905182950727,1.0938116080823492
83.88388388388388,0.07574647154777805,0.22374607770043312,1.0445905015689454
84.08408408408408,0.08368666711192929,0.20186045397296828,1.1132680663863355
84.28428428428428,0.06550879598258763,0.13523741644779574,1.1508537893083124
84.48448448448448,0.038983674587330236,0.20860152462897402,0.9852376991164582
84.68468468468468,0.15252870758740653,0.19296929203747493,1.2560937165472026
84.88488488488488,0.04003532097555048,0.05240193984738786,1.2259023679157133
85.08508508508508,0.03199625606169188,0.047309040506786595,1.1132459101418744
85.28528528528528,0.12317633526482788,0.053355360764232945,1.2905057361551076
85.4854854854855,0.05235404007503278,0.15052981405409252,1.1237632569475495
85.6856856856857,0.04990275465619841,0.21593277306518002,0.9822682287562884
85.8858858858859,0.19294183921308683,0.09887641991651606,1.0254576263465034
86.0860860860861,0.14762036578346432,0.04959111280882578,1.2113961186576332
86.2862862862863,0.1541565022051789,0.03903181166209932,1.1914916348134936
86.4864864864865,0.018785365547697837,0.16456515233680208,0.9965073587805111
86.6866866866867,0.09570319534922193,0.06198110421986077,0.9737299359434015
86.8868868868869,0.14361038458322128,0.1166806120829375,1.0693549380176575
87.0870870870871,0.054306346846107426,0.12436495487406156,1.1415336306787183
87.2872872872873,0.04749595072155144,0.06490971322455974,1.1015386744576157
87.4874874874875,0.19786204595536566,0.19714947071223482,1.0992280923110112
87.6876876876877,0.14527893427953037,0.107438417124651,1.025062074262736
87.8878878878879,0.1622247344259796,0.10931017167865581,1.004142297375017
88.0880880880881,0.0568175829011572,0.1435485145140996,1.2942129492642958
88.2882882882883,0.1858078449540163,0.22762670734322585,1.176884164075108
88.4884884884885,0.05769242294289658,0.1068156294618735,1.2866078233859162
88.6886886886887,0.14428899308824467,0.06415745824601518,1.174707642449736
88.8888888888889,0.20029103553545385,0.17717535014780378,1.0910421673955386
89.0890890890891,0.05114358852186879,0.08936187007244288,1.0456399383905568
89.2892892892893,0.11180489764833018,0.06632724339868176,1.1777478332971287
89.4894894894895,0.06495471801195316,0.04273920975964996,1.1840190785479796
89.6896896896897,0.1307548169553668,0.05020982856662213,1.137864030595078
89.8898898898899,0.0849052296212334,0.20911123339768065,1.1273231716015264
90.0900900900901,0.20747655379436028,0.04313776247519169,1.202365865114874
90.2902902902903,0.08491817522096422,0.0820437144007227,1.2052306703429465
90.4904904904905,0.11513446525222289,0.08564425426517625,1.1870139762357574
90.6906906906907,0.17967516914367795,0.1767082239428928,1.1726859108698775
90.8908908908909,0.09170725468167942,0.12985776868784973,1.0744611566996465
91.0910910910911,0.20407793966091686,0.1683006944034604,1.0516634623671641
91.2912912912913,0.06844032859753907,0.2017428086267704,1.0599664001752822
91.4914914914915,0.08727035788391146,0.1473118317943655,1.0338801515697436
91.6916916916917,0.14157234113964504,0.13166185714027134,1.0687519384653281
91.8918918918919,0.1504576045316874,0.16686636980664935,1.2820723692339193
92.0920920920921,0.13316510534143366,0.21182548105520121,1.2334939924091899
92.2922922922923,0.1796612730870473,0.2203127796209367,1.1358935443308593
92.4924924924925,0.20362929303864577,0.07173647092724182,1.1084614357027127
92.6926926926927,0.03180120880654253,0.043371309004367496,1.2826432841591417
92.8928928928929,0.03930297498193619,0.05359580602026198,1.088023965421267
93.0930930930931,0.09862297465262881,0.1328341321305848,1.2950222667690272
93.2932932932933,0.02431742176762383,0.05058992184684699,1.1274295786675554
93.4934934934935,0.087893400523507,0.1752561162473557,1.007263095697409
93.6936936936937,0.16904608575916083,0.1228281320555772,1.1631347540330963
93.8938938938939,0.1169903601652333,0.19025093761253417,0.9946370698296434
94.0940940940941,0.10146743252113023,0.041884225558032825,1.2648742005452887
94.2942942942943,0.20977763509987837,0.08188385543211171,1.1754502510044822
94.4944944944945,0.08484047135183499,0.16353716964160864,1.1370132205749863
94.6946946946947,0.0839573611800167,0.13416042690452878,1.3204984513347422
94.8948948948949,0.2068557836068318,0.08609392126192768,1.2743510004444345
95.0950950950951,0.15318352993469042,0.13682404594181952,1.260741447548518
95.2952952952953,0.12199394936865124,0.14625938998036736,1.2910194327154212
95.4954954954955,0.191227990847818,0.07136336672840123,1.2282458108768255
95.6956956956957,0.04105831429440261,0.08830308888237327,1.1345735392126106
95.8958958958959,0.09912307411133257,0.041604179077769296,1.0046138322083422
96.0960960960961,0.13541344667257235,0.1370227696109999,1.239270170571786
96.2962962962963,0.044996653734981656,0.21911981983073878,1.0267327056972269
96.4964964964965,0.13316568531688572,0.12297567778068498,0.9838752229220633
96.6966966966967,0.059223684587500616,0.12323909564798105,1.2396318517703255
96.8968968968969,0.18507904950581483,0.21228101785032155,1.2732617848394083
97.0970970970971,0.15321714698410505,0.20226073898897257,1.1426729366312733
97.2972972972973,0.040345625322559905,0.043428858746512256,1.0964782037527345
97.4974974974975,0.19474857035048027,0.1135209020320316,1.2266545856852062
97.6976976976977,0.17246062412566782,0.096875051830766,1.0320574111371246
97.8978978978979,0.04951370424539419,0.06685122382114717,1.18408246417119
98.0980980980981,0.11795077574477658,0.035738735940238194,1.298618060980403
98.2982982982983,0.04912356037463525,0.09741338113309654,1.18162250350922
98.4984984984985,0.10731753383376494,0.13168747404449246,1.1036098915990067
98.6986986986987,0.07363938477146147,0.0941030288117407,1.0135172742894598
98.8988988988989,0.18556674771038817,0.10436538582734942,1.1502178370858316
99.0990990990991,0.1845945691816152,0.1579124627256771,1.3155206146945762
99.2992992992993,0.1230141813226555,0.06408009128063742,1.0973572409882288
99.4994994994995,0.07415315496699129,0.06254911277781888,1.2512307512640304
99.6996996996997,0.030214130335818205,0.18795828475652218,0.9830846907637125
99.8998998998999,0.13028417596872888,0.15818316402680843,1.0112951192217616
100.10010010010011,0.13883526969495047,0.06304236775737698,1.3263423715221445
100.30030030030031,0.20499145826667958,0.19612981390791728,1.238159669246761
100.50050050050051,0.10853945530696561,0.19781932552918485,0.9749306174253388
100.70070070070071,0.14512903636632474,0.12418599217714138,0.9743293359052003
100.90090090090091,0.0668166915576644,0.09157182977355167,1.2320053713459274
101.10110110110111,0.05384329127500757,0.04052843116009108,1.0198046365705231
101.30130130130131,0.04475907151975246,0.1629967576153661,1.2155544546941843
101.50150150150151,0.16619774573813534,0.11886380892900508,1.2079281014788494
101.70170170170171,0.2163401704408776,0.16420241515616305,1.1555154619563441
101.90190190190191,0.1609866366011945,0.15483437070135986,1.080163733236301
102.10210210210211,0.14398749177421372,0.2010752117295895,1.150508399455458
102.30230230230231,0.14298168075665524,0.014000041238721945,1.0307056032493527
102.50250250250251,0.07986259297158492,0.16302840126563564,1.1984280055901475
102.70270270270271,0.06233629637475712,0.1344949577155193,1.0900686466903078
102.90290290290291,0.1014522995610205,0.04931047672701937,1.0724761159423633
103.10310310310311,0.15034792737015532,0.1428753722507985,1.15538158257896
103.30330330330331,0.02822382467236184,0.1486905872225247,1.1123759716931825
103.50350350350351,0.10922029091642554,0.15135483878220274,1.2063717131514275
103.70370370370371,0.12933162186772282,0.023049844113051172,1.080239438254912
103.90390390390391,0.08289562021870052,0.1631877097464326,1.1484476612807635
104.10410410410411,0.14050788789482338,0.08514587026919927,1.0913606441005284
104.30430430430431,0.08145101498518653,0.20295649120152814,1.1968776596556252
104.50450450450451,0.12427814761888437,0.13627615639794044,1.123330494569567
104.70470470470471,0.15000260042354804,0.10263110311876006,1.1859971547872017
104.90490490490491,0.16253576238548634,0.06479414838391385,1.221319147407017
105.10510510510511,0.12105109971200795,0.15466794843638962,1.0959005998695828
105.30530530530531,0.09380230555075296,0.20452243699844472,1.318030830622492
105.50550550550551,0.04386352819800031,0.020172761045664164,1.1396391021483585
105.70570570570571,0.06249584612236562,0.17560425937012902,1.274830797546243
105.90590590590591,0.08461694357947736,0.05769171696029132,1.153668259283161
106.10610610610611,0.1905045537686685,0.17944425272487927,1.198854145882823
106.30630630630631,0.13458068033661372,0.2099466147461341,1.19401228646494
106.50650650650651,0.11289675287700289,0.12239671595248829,1.0662430735464026
106.70670670670671,0.1105031109808749,0.11794262484648355,1.222995634612012
106.90690690690691,0.13127037482138262,0.06704524387042382,1.2159992113254352
107.10710710710711,0.09893450496104411,0.11874827137457884,1.1238868153079338
107.30730730730731,0.03015956319630142,0.19088804094146627,1.1944352480629559
107.50750750750751,0.09000457302020706,0.18644818089663423,1.1152215971211046
107.70770770770771,0.21116649252447697,0.017899354524415476,1.3067767551335596
107.90790790790791,0.17058643393608097,0.1741436338569735,0.9995149933209028
108.10810810810811,0.16990337941914335,0.09433834276360713,1.073070016156829
108.30830830830831,0.0808393999215692,0.18838018343183083,1.3046075450947658
108.50850850850851,0.21356978974505764,0.050999305145364604,1.0656993303990945
108.70870870870871,0.03808705346590785,0.1286847894841902,1.008340342564113
108.90890890890891,0.04841237596646848,0.15294468336880515,1.2955787736214124
109.10910910910911,0.03249293217237612,0.11893761111831758,1.0858603599713836
109.30930930930931,0.04000678796012013,0.20166201719348292,0.9828620162891162
109.50950950950951,0.10712567852775676,0.045085399530782375,1.2725657210941033
109.70970970970971,0.14144699775367992,0.16478317745369067,0.9992817008270006
109.90990990990991,0.07841082298071352,0.03328310364861997,1.2408172356484644
110.11011011011011,0.16781361445889084,0.13828071953872798,1.1860147292127812
110.31031031031031,0.1279004851895974,0.03857169516842138,1.1286087069164972
110.51051051051051,0.05753914012245001,0.20109992146408248,1.2694299179948563
110.71071071071071,0.15615963170368818,0.12445519513764242,1.2283215137383532
110.91091091091091,0.12351435704235217,0.16547126291934566,1.189458896216054
111.11111111111111,0.1175436918527554,0.20711372695341382,1.0360354541945904
111.31131131131131,0.05015877038311525,0.054295332158769305,1.0744894238501133
111.51151151151151,0.16452417854717055,0.18183238613674518,1.191879785543294
111.71171171171171,0.07563832149510363,0.1458155577163651,1.149575671688318
111.91191191191191,0.07715611608986306,0.12733011709473582,1.0068117974379194
112.11211211211211,0.10933543129452453,0.08194657961543984,1.301807357237311
112.31231231231232,0.2097786244634287,0.15503142764548847,1.1422079003747383
112.51251251251252,0.19650415305392313,0.1508600040073609,1.2311453897012083
112.71271271271272,0.03136736845103229,0.18640991415477812,1.1482408737150296
112.91291291291292,0.20695687794883214,0.15031817886138207,1.0827116390735738
113.11311311311312,0.12240917679642173,0.022954656743862937,1.0537398952740102
113.31331331331332,0.14443324950107952,0.19126482093429434,1.1232103911145788
113.51351351351352,0.08903824498013077,0.19913097185788972,1.1224607835471434
113.71371371371372,0.14398395349535084,0.08077633562970904,1.0312069751372661
113.91391391391392,0.0906381637101367,0.052033039901442604,1.238276942161781
114.11411411411412,0.017812527804726537,0.03309998074197938,0.9876579508758326
114.31431431431432,0.1069027590636624,0.19700406556994352,1.094749172537896
114.51451451451452,0.2161975602984047,0.12992092432796365,1.336123192029598
114.71471471471472,0.06418152400310947,0.02863515974454004,1.3257311100433529
114.91491491491492,0.07008714623719614,0.08111459342878007,1.2413826972817914
115.11511511511512,0.023325905085246817,0.14841859331797624,1.264032047614906
115.31531531531532,0.07724219511892566,0.03794460531087877,1.3206993418298136
115.51551551551552,0.08146626959309913,0.01965988644900587,1.047462715990264
115.71571571571572,0.11268036068275727,0.030394586160145447,1.0511329203731354
115.91591591591592,0.11989304909686528,0.19028159563394748,1.2822457518099741
116.11611611611612,0.13124744327883472,0.09379040261398179,1.261179205871868
116.31631631631632,0.11854715783724212,0.06229816144149604,1.1355456171854215
116.51651651651652,0.18511613976536462,0.020860915867211036,1.1332525353411012
116.71671671671672,0.08778392822782902,0.06188647754394677,1.1999232696206366
116.91691691691692,0.1338956053436477,0.13842429035969953,1.2521763861054123
117.11711711711712,0.016650825235915403,0.05433542156711767,1.1204675013454881
117.31731731731732,0.1980853577128549,0.11154489672948412,1.1254193473019498
117.51751751751752,0.15917589561324647,0.12936729322348894,1.2033147457572022
117.71771771771772,0.04551417046909977,0.0692674594447068,1.1481869306062076
117.91791791791792,0.19098020578987915,0.022436988074681526,1.2447374608462711
118.11811811811812,0.07176688137574282,0.1431263315541496,1.0610359531894629
118.31831831831832,0.18167187197769216,0.07939428938398556,1.252561139083865
118.51851851851852,0.09984564897287947,0.09395236339594004,1.1339438353014624
118.71871871871872,0.04187641076935171,0.1790566987111086,1.235045718904139
118.91891891891892,0.20397876382840607,0.029685114435067113,1.145506811272182
119.11911911911912,0.2078258677518038,0.17593584956896988,1.2336789212746995
119.31931931931932,0.11959761077309372,0.05964306262724422,1.2718911912326392
119.51951951951952,0.031774485041259806,0.20441133880030848,1.2607826555340782
119.71971971971973,0.11262641420707097,0.13671082622468042,1.3200920620213215
119.91991991991993,0.11991381491256131,0.08584506435576873,1.045451212746008
120.12012012012013,0.2089681976047843,0.025672590713634553,1.2973188159599212
120.32032032032033,0.1446937994223012,0.15412468018901232,1.2577117634722472
120.52052052052053,0.12722119365633386,0.1957706108859672,1.1745166056943175
120.72072072072073,0.019697957798454697,0.1494317469161462,1.0434927356277373
120.92092092092093,0.15577825806229403,0.16854678345579932,1.153844390331498
121.12112112112113,0.0913350753296011,0.03215390257959111,1.2377664812027314
121.32132132132134,0.019372007253889968,0.015339041546024612,1.3399583631421206
121.52152152152154,0.21391965531742563,0.17008740714149892,1.2702335579303463
121.72172172172174,0.10719510063570659,0.029502191868268947,1.1633282833838883
121.92192192192194,0.13191063625847296,0.1745689151937891,1.013904238349408
122.12212212212214,0.1668604628482024,0.14607261279019623,1.1052689725251437
122.32232232232234,0.02575974900366761,0.12859719409770054,1.306793059325639
122.52252252252254,0.025427954172544693,0.14999900105966488,1.3142593689823938
122.72272272272274,0.026658844459492497,0.17930291348109614,1.2427900912321135
122.92292292292294,0.16575217961711278,0.0319078749693662,1.0524330070496568
123.12312312312314,0.15646459685901298,0.016114928296609272,1.0205027541028198
123.32332332332334,0.21598710589265116,0.1450405037396671,1.0975063835880055
123.52352352352354,0.02904532877445945,0.1683296158359658,1.0833442139512315
123.72372372372374,0.21251900286231412,0.014341613074379964,1.0995332114610363
123.92392392392394,0.14618335950187647,0.10409120673427859,1.0289974791000394
124.12412412412414,0.10596438036110184,0.1732483244085832,1.290634319438578
124.32432432432434,0.14026980021138186,0.16602462749430097,1.1330400203600002
124.52452452452454,0.08816105796687052,0.12071056421484477,1.3221315178316144
124.72472472472474,0.13437561261840592,0.1549478760826195,1.2227445936635897
124.92492492492494,0.07331967485888463,0.13947119400040664,0.990002828151453
125.12512512512514,0.12430429818468132,0.012718353021056842,1.0481195889507573
125.32532532532534,0.05381861825464735,0.1760809632397043,1.1829995342704884
125.52552552552554,0.026988390961005984,0.14102250523507953,1.064326188030447
125.72572572572574,0.11850039138293256,0.1336212953526472,1.3263120616744417
125.92592592592594,0.07012552408212272,0.06718852719898655,1.3029712793986592
126.12612612612614,0.12387627238949692,0.20238416682990124,1.117646968137336
126.32632632632634,0.1653819255007825,0.05028945208641174,1.0729429444217695
126.52652652652654,0.1842044844385226,0.0725718130990476,1.2653978122165976
126.72672672672674,0.0267320114004028,0.08910016397175441,1.064597582703144
126.92692692692694,0.07750651540073364,0.11942857482942401,1.1946868577337963
127.12712712712714,0.17688258029363305,0.06893352957845766,1.032862524995568
127.32732732732734,0.018296565670280398,0.12601749589273567,1.2588391093140359
127.52752752752754,0.14262552502295822,0.1509653636604781,1.1554761678712222
127.72772772772774,0.13199428727694207,0.03315379930310041,1.2265180626607508
127.92792792792794,0.08556253081357329,0.15725348725816804,1.098232117132162
128.12812812812814,0.09637770200385466,0.1266989360377067,1.2030915418894377
128.32832832832833,0.0952003722195337,0.11381898346808242,1.2775354202245173
128.52852852852854,0.15799489086720847,0.1864852553603858,1.1389935802526814
128.72872872872873,0.14947296621023282,0.13379408476760524,1.26088030221058
128.92892892892894,0.19839501468396886,0.15349830446801838,1.1348913307318158
129.12912912912913,0.07577065867362788,0.023370524694509502,1.2323859443288092
129.32932932932934,0.043739807854095925,0.0580843774309396,1.0605669618134594
129.52952952952953,0.18277406674620353,0.0798613513235564,1.2916749675762724
129.72972972972974,0.10443167010290746,0.15061089979213718,1.0530176972315914
129.92992992992993,0.1333637331317479,0.08830300188788737,1.2502741040292051
130.13013013013014,0.036110828152098304,0.17340490138021827,1.1227583189326087
130.33033033033033,0.10753703836839974,0.13381722586794237,1.2746096921950567
130.53053053053054,0.08338477805160964,0.060108631024527105,1.2957598143564955
130.73073073073073,0.12328055100969582,0.1102630338962471,1.2398162348997206
130.93093093093094,0.045052123716751685,0.17933163068583002,1.0953676967775017
131.13113113113113,0.1408217838784676,0.12143058148985081,1.0250836160255101
131.33133133133134,0.10462861504082893,0.02280946865800007,1.046620315642168
131.53153153153153,0.20275181361447164,0.1269408379897864,1.1689660340726535
131.73173173173174,0.06228934994101572,0.11155995474012843,1.0756918117451666
131.93193193193193,0.09107076055516086,0.038043622290182946,1.2798525565376129
132.13213213213214,0.06767660166437164,0.13992459384366926,1.0799861142906733
132.33233233233233,0.14338071874604746,0.01368088937115395,1.1889826975739473
132.53253253253254,0.17193185805167593,0.030596086266549367,1.0286003990513257
132.73273273273273,0.0775211743427612,0.13118911599820396,1.2373039569022048
132.93293293293294,0.05218595290439123,0.09553759549246398,1.1283053709760018
133.13313313313313,0.18586893306247018,0.1864877789838536,1.046773859328337
133.33333333333334,0.19540683443988524,0.01703144697995844,0.9968763298456753
133.53353353353353,0.1569144481038484,0.0551005040089935,1.0404629424595866
133.73373373373374,0.0811716171734728,0.10391606777234254,1.088296460449218
133.93393393393393,0.08878218137903487,0.18801538129663145,1.250968419832551
134.13413413413414,0.1673662388768474,0.1386431980944561,1.1739863084646833
134.33433433433433,0.02655395578543722,0.14941411494880155,1.2315144726140734
134.53453453453454,0.12076228165254516,0.09904774446285018,1.035363730381801
134.73473473473473,0.19515083107369285,0.004502387269187601,1.3100773388597027
134.93493493493494,0.1860939729165298,0.03694665107679895,1.0162303879624572
135.13513513513513,0.20353771519040467,0.03666463159834356,1.184837592820073
135.33533533533534,0.06217199696426359,0.14941544275667937,1.2969819132334388
135.53553553553553,0.18479630804746502,0.17237068039316616,0.9922192744046361
135.73573573573574,0.03506735633130964,0.16081826092650744,1.174844504064024
135.93593593593593,0.19377472838557316,0.11417146985032955,1.1300198809011712
136.13613613613614,0.10627119176485653,0.10837994507757792,1.1102852725188987
136.33633633633633,0.20510177958624098,0.1591415190311692,1.129571715511731
136.53653653653654,0.11844542681285679,0.1551658906449694,1.0719680095367634
136.73673673673676,0.042675511373923156,0.01663506889965206,1.2519890736321664
136.93693693693695,0.1407890479368347,0.1974265886749753,1.2965889992796875
137.13713713713716,0.01765879356478783,0.20176840667882198,1.2703292163508342
137.33733733733735,0.08062018467022611,0.18097261799047387,1.0004444819605645
137.53753753753756,0.17914316697883115,0.038235512767915016,1.2932343078685005
137.73773773773775,0.05638439324542495,0.0844987802625824,1.0229322613226088
137.93793793793796,0.07731239666674888,0.007833704477774161,1.065125389318455
138.13813813813815,0.06707315355191923,0.12426548564732613,1.2045079387588347
138.33833833833836,0.07211153719835439,0.13849054945685027,1.168402999778459
138.53853853853855,0.14335303863377827,0.18164147814324172,1.2906823015486562
138.73873873873876,0.11423358769919933,0.11267444028238162,1.0164505657409713
138.93893893893895,0.046280034880615835,0.08469112623407689,1.1441207361719339
139.13913913913916,0.05132787675718312,0.09230242056813592,1.1960343436260445
139.33933933933935,0.12826431017633927,0.04223396563467003,1.0301643090167305
139.53953953953956,0.08138848425625957,0.16051464301264906,1.1212038488449587
139.73973973973975,0.20470982245734615,0.04399092391920652,1.015313002229784
139.93993993993996,0.061562749618717064,0.11270213413415012,1.318465808833734
140.14014014014015,0.10040447191350454,0.05061397293923547,1.078530974822612
140.34034034034036,0.1888040896397503,0.09790571694537366,1.3346366618316154
140.54054054054055,0.16616384270292445,0.1233038988965634,1.0460974592181007
140.74074074074076,0.15717915136156863,0.12411963846751069,1.2181769915754375
140.94094094094095,0.1561696531071648,0.14511332294748627,1.2742038912879128
141.14114114114116,0.029865799784755197,0.0839681445921799,1.2502865674891315
141.34134134134135,0.03950714944787967,0.0755246987688108,1.0557780727563002
141.54154154154156,0.018162656617094607,0.14556321798640215,1.3168175381556986
141.74174174174175,0.12675583672724233,0.014107731334011008,1.0343600256592886
141.94194194194196,0.12334543817532673,0.032359897658271436,1.2161270212563222
142.14214214214215,0.09519889994600927,0.08640514305953592,1.1033543172689222
142.34234234234236,0.10941872642255529,0.14280076264158326,1.218066149329253
142.54254254254255,0.21575713330795257,0.04954551580350663,1.2791124343923839
142.74274274274276,0.13841369759675798,0.10484358499717654,1.2184800347856133
142.94294294294295,0.17362606907877715,0.15939288185627884,1.2610957711234922
143.14314314314316,0.033985708836474275,0.09014393040599811,1.0739104344576202
143.34334334334335,0.15906053274574594,0.11175607402428428,1.2601447672742936
143.54354354354356,0.16806715779717826,0.10950444009680915,1.027556550446021
143.74374374374375,0.08259541602785604,0.044274894954419816,1.0721565411742426
143.94394394394396,0.16625112393999897,0.17995123671017285,1.130933082040937
144.14414414414415,0.06240296724063875,0.11686399818791929,1.1383684221681063
144.34434434434436,0.21403926085386135,0.12600272602056536,1.028226644166871
144.54454454454455,0.1174818812125251,0.13277186085137138,1.2514842097395933
144.74474474474476,0.054553627795197096,0.2026095302258633,1.0362534828939818
144.94494494494495,0.04206649632111413,0.0489792357533737,1.3394673691262686
145.14514514514516,0.12384792115882862,0.11411503394732832,1.2418600499251775
145.34534534534535,0.11227699916559396,0.08285698376098383,1.0022614299325925
145.54554554554556,0.04193023776859586,0.11440752850815271,1.3369261417656486
145.74574574574575,0.18571347065154162,0.15505674912409476,1.3249782807088306
145.94594594594597,0.060367756992426524,0.17367082827490693,1.1354858903675127
146.14614614614615,0.21010405251746836,0.16967823601658794,1.3023323081991707
146.34634634634637,0.18116416522869633,0.09266367528073502,1.2622119763965367
146.54654654654655,0.14119087077438985,0.07279477017033109,1.1794834188212884
146.74674674674677,0.12846130871958453,0.1417212819031207,1.0301813663616937
146.94694694694695,0.12566675903754604,0.05614745942173313,1.004378502874681
147.14714714714717,0.19236383200308574,0.08863135087124424,1.3301298111400766
147.34734734734735,0.05300981142576158,0.11164537351171105,1.0086917862968385
147.54754754754757,0.1445761730422383,0.14778591134203248,1.3258079986933755
147.74774774774775,0.10353767908691773,0.02276477883760947,1.290861973842042
147.94794794794797,0.18437445138894198,0.09310362494966043,1.2420598065752175
148.14814814814815,0.192825094736102,0.07727814851588964,1.2968222454504394
148.34834834834837,0.06860764525036701,0.20264431718059803,0.9912452381484534
148.54854854854855,0.20078514039493445,0.02767993020500017,1.3389872880314093
148.74874874874877,0.047178890423817524,0.030796908429419626,1.1992938002983198
148.94894894894895,0.03427785915342041,0.07716024445160617,1.2417811413158466
149.14914914914917,0.06899206149570396,0.16320933344109634,1.2051615684948944
149.34934934934935,0.20031693822817223,0.023213641292016602,1.126444478489644
149.54954954954957,0.14977871502379703,0.08424062742591856,1.1504471031280628
149.74974974974975,0.13689143884597516,0.11096131845709235,1.0135290184992551
149.94994994994997,0.16091165932649829,0.15730879119686417,1.1183168049364522
150.15015015015015,0.19309655460302222,0.0064028672496248395,1.222455478692342
150.35035035035037,0.06763747870502289,0.10243912028493593,1.0617517092399422
150.55055055055055,0.023446336644131836,0.09561493777895021,1.0517933488866245
150.75075075075077,0.07423596737793664,0.11173996913647151,1.0857698354157963
150.95095095095095,0.10472163562140113,0.12173417428463343,1.253390085587739
151.15115115115117,0.17809787938171387,0.07941664040331077,1.1972335415715916
151.35135135135135,0.1318762469230916,0.015908420613284485,1.2604919297410297
151.55155155155157,0.18725920661430834,0.18292727029503233,1.1941517712400662
151.75175175175175,0.10603903968537087,0.18802555150763553,1.0171819547175136
151.95195195195197,0.17325274922589914,0.13319849199330688,1.2301230076211869
152.15215215215215,0.09878052097003046,0.17433729740818119,1.0333621693353838
152.35235235235237,0.1157994902920586,0.15882726556677826,1.1073344739804412
152.55255255255256,0.17175286996859349,0.13719854045707283,1.2537712720599736
152.75275275275277,0.21385335919224363,0.017717473018816342,1.1172535068133889
152.95295295295296,0.059373619080207427,0.11050014747604071,1.3078657658763517
153.15315315315317,0.072487645108305,0.13315798439753576,1.1122244455979127
153.35335335335336,0.20180076889732804,0.08635883848398364,0.9899044514154043
153.55355355355357,0.07422952642453107,0.17039590354944548,1.1113573591832369
153.75375375375376,0.07279720024594025,0.1820166986119469,1.0470003530879963
153.95395395395397,0.20320723344241665,0.14464553519782877,1.0711020218551
154.15415415415416,0.18326149865296873,0.1708904575344045,1.0229009455292908
154.35435435435437,0.19776997580534356,0.07856431239178954,1.159643410243186
154.55455455455456,0.06809119272814652,0.14589948335016617,1.3163793475219565
154.75475475475477,0.19354724679831803,0.002747757123937708,1.103717295213986
154.95495495495496,0.06846529307071303,0.1924749837991818,1.142916443806906
155.15515515515517,0.19926459704270874,0.06236362776397768,1.1754332417761992
155.35535535535536,0.10023366734964792,0.09488367660627373,1.2541283323908623
155.55555555555557,0.021795996421855996,0.09907348470678959,1.0478943300481838
155.75575575575576,0.062438152394445105,0.20030333720774848,1.0641330916020508
155.95595595595597,0.164391477691664,0.09109769201498213,1.0696732118209114
156.15615615615616,0.14632243265487987,0.1772822585367548,1.332483043898286
156.35635635635637,0.15705753785208665,0.1519881542869808,1.3015915056524408
156.55655655655656,0.03351759826645728,0.18349336840647557,0.99749211218462
156.75675675675677,0.10372230421951648,0.008599515389291292,1.0711335814466387
156.95695695695696,0.09252993069158778,0.0030531366640640825,1.338877697079358
157.15715715715717,0.1620337062063086,0.09127641267200418,1.210507947785486
157.35735735735736,0.11017497146263562,0.07269373902298525,1.0465269397644241
157.55755755755757,0.11271359092097125,0.08935701856435266,1.3102894125437992
157.75775775775776,0.08185271328497261,0.09747237839586839,1.1892506084582288
157.95795795795797,0.11018886883166712,0.2003600934138784,1.2775013581819121
158.15815815815816,0.15001075145245882,0.006532330569031434,1.1402072079691596
158.35835835835837,0.17619762739296901,0.17607723870158193,1.137484716829366
158.55855855855856,0.14058976960896546,0.029635031464565458,1.263997383865667
158.75875875875877,0.20020785887435122,0.016115903769526173,1.0173225854118058
158.95895895895896,0.09820010895578794,0.16965666639163945,1.0375484870516156
159.15915915915917,0.14002250514332026,0.07844955755004626,1.0486086361067621
159.35935935935936,0.07752304066870544,0.0015163251265529897,1.0169454622048462
159.55955955955957,0.20808287524548763,0.1637484518007719,1.3191346338654248
159.75975975975976,0.16512364085958575,0.18097044731676035,1.2262269754307606
159.95995995995997,0.1868452201565463,0.017747772038389172,1.2700498994465366
160.16016016016016,0.12466932493535267,0.13845097633930986,1.0178807933859741
160.36036036036037,0.1270588851500963,0.1560845210542282,1.1370620461398544
160.56056056056056,0.14908821981730702,0.1726705611119585,1.2822595952863103
160.76076076076077,0.10404795622609285,0.027493835709428517,1.1268415704397818
160.96096096096096,0.10453734219189241,0.10696033820162192,1.0149639430691348
161.16116116116117,0.08467282482226102,0.10607410856947307,1.102291346642447
161.36136136136136,0.06385581647152827,0.1905786075679274,0.9901670801223439
161.56156156156158,0.18029786618758414,0.13813916473417398,1.0473480075736414
161.76176176176176,0.1256411240924863,0.08793539153369419,1.0356967837440063
161.96196196196198,0.10774087651042774,0.025677234368422813,1.0323823271927615
162.16216216216216,0.08850922436975722,0.19149378283935536,1.1000368183092442
162.36236236236238,0.0559198786088958,0.16842436992280468,1.1603904528307716
162.56256256256256,0.10962099999518378,0.04769066809103961,1.1896349879117118
162.76276276276278,0.022972184390788936,0.08888638959789999,0.9888402138049533
162.96296296296296,0.04992838396859507,0.14440870949566925,0.9991405293115556
163.16316316316318,0.07525079233799617,0.15166713682833755,1.2429834896652157
163.36336336336336,0.016823425345198744,0.07601526207836419,1.0137817045116584
163.56356356356358,0.17442833431051818,0.11128253673742518,1.1131627477727342
163.76376376376376,0.13676229908237678,0.18302681294859038,1.115951333490396
163.96396396396398,0.09811705668613123,0.08858483760577388,1.2077271241394805
164.16416416416416,0.2119290496174024,0.17658800117976042,1.1569084078764302
164.36436436436438,0.12429041035947226,0.07867065124558964,1.3039131632190313
164.56456456456456,0.13632021161808286,0.15101020941429755,1.1504912676594046
164.76476476476478,0.15337056104697594,0.030935633897626633,1.1785006740783792
164.96496496496496,0.054288243670235665,0.142127335885833,1.0614014559753386
165.16516516516518,0.13667653226851378,0.12954532882000286,0.9960141238425694
165.36536536536536,0.10148805085651834,0.13891667550073367,1.25657556099886
165.56556556556558,0.1563505798549225,0.06275179408432902,1.212100627925016
165.76576576576576,0.19884706014790357,0.07662762820200653,1.2217323774031459
165.96596596596598,0.027493596041991794,0.18291026333061502,1.269951054588915
166.16616616616616,0.1999551870019775,0.005699566588766861,1.2770053728565105
166.36636636636638,0.054166679889476925,0.0891965686499365,1.2996350479547005
166.56656656656656,0.14421986737335205,0.029464326120541267,0.9878918960153684
166.76676676676678,0.06920621558906953,0.17324928426602174,1.0688183689380208
166.96696696696696,0.09556445561565699,0.17583981612339794,1.3172573284055815
167.16716716716718,0.18020327278917175,0.07704164964376117,1.0075621607372958
167.36736736736736,0.0860127035398976,0.08885158347710839,1.0822412523938392
167.56756756756758,0.15500789958955483,0.06665357023307894,0.9839336022105809
167.76776776776777,0.045406424868294354,0.03651870257954075,1.1810233384141249
167.96796796796798,0.15732778086528454,0.12300211873622881,1.1950663454752206
168.16816816816817,0.07084681993242739,0.1638088367199935,1.2278518513184273
168.36836836836838,0.07969929215616682,0.12384928117213784,1.1888113510754976
168.56856856856857,0.05591976179785041,0.07100770482144868,1.0875274335039904
168.76876876876878,0.07135894933904963,0.050275053015541846,1.0498697115070084
168.96896896896897,0.14074800874481508,0.06656974238367583,1.090007521355307
169.16916916916918,0.04805733337997792,0.05998672043009763,1.1633940057499939
169.36936936936937,0.16996923021481825,0.11045552088583745,1.2015533088125603
169.56956956956958,0.0900550738839408,0.05380376780038965,1.1622964015679222
169.76976976976977,0.09013147743551563,0.06976493033810993,1.3334161240392066
169.96996996996998,0.0718091692990174,0.04380545299909494,1.1688296344431532
170.17017017017017,0.08536118300319599,0.17449470246113757,1.2462671168079575
170.37037037037038,0.11570713013045117,0.060592252614402216,1.2472763306887376
170.57057057057057,0.06799867655549219,0.13223107544431864,1.0802375503291484
170.77077077077078,0.02285192029706466,0.013302737817899785,1.1409074039557223
170.970970970971,0.01762393968361623,0.19963979759389822,1.2061407381963052
171.17117117117118,0.13258246185118883,0.007523294942041083,1.3215635627059203
171.3713713713714,0.15294969763736138,0.032705800289971824,1.0749599891037336
171.57157157157158,0.05135387643770317,0.12198287181237659,1.2384536972997093
171.7717717717718,0.020433785893824347,0.20109397117993402,1.1075920317868704
171.97197197197198,0.04345699265583376,0.1314741880472465,1.2961560115628046
172.1721721721722,0.027340618249864213,0.037593547676685865,1.2780337102295616
172.37237237237238,0.07106050585672143,0.0881430094804102,1.069210624861584
172.5725725725726,0.20032972545926617,0.06225616357515287,1.2959221499190914
172.77277277277278,0.04686190868453287,0.04946502283884837,1.1531646169432204
172.972972972973,0.1699196712641309,0.001965005424447179,1.0321264722883698
173.17317317317318,0.043081507021627836,0.14938043950612748,1.1537914294986593
173.3733733733734,0.15962974111898603,0.17903070385535613,1.112236490702478
173.57357357357358,0.14586002830325503,0.040923733977231584,1.3122844543352632
173.7737737737738,0.16955186086325236,0.040475407078777725,1.070103133067785
173.97397397397398,0.1366318998016068,0.048963405339976326,1.062549767564289
174.1741741741742,0.061856935128696736,0.0028530075160905196,1.1700413873241537
174.37437437437438,0.07348025107256449,0.18904565050096872,1.3360766461455564
174.5745745745746,0.16919134705498262,0.18835965867376048,1.2415186519560233
174.77477477477478,0.03076265286851336,0.048884481931323845,1.0305525471724128
174.974974974975,0.09793177932110007,0.18386024459824427,1.1197203614262743
175.17517517517518,0.09235225356282736,0.19908581937359365,1.0960848424590728
175.3753753753754,0.15683734185753576,0.20171657238922538,1.2947944547191668
175.57557557557558,0.04607258907604361,0.143919999101615,1.2337900597503202
175.7757757757758,0.07587468597498542,0.1496543486623043,1.1997065920806487
175.97597597597598,0.21618231973455568,0.0010619000768113686,1.1008220842791905
176.1761761761762,0.1820658901691569,0.1373036400115796,1.267833219588449
176.37637637637638,0.0955198748633386,0.17970309169305973,1.2309449116097508
176.5765765765766,0.06932889259533616,0.050917125031484635,1.1829260469022793
176.77677677677679,0.10415287283038914,0.1121666735858938,1.3441201055363357
176.976976976977,0.04797116074500712,0.10116365842066173,1.0126623635566254
177.17717717717719,0.15043047197321166,0.20037594509159806,1.3180469747120118
177.3773773773774,0.10767710842153619,0.16399403453636507,1.243977226741097
177.57757757757759,0.1711839673527202,0.16182617660088008,1.3231122832420903
177.7777777777778,0.02697326554333862,0.16941880157167277,1.094541496343587
177.977977977978,0.14684470137441855,0.05597233537086456,1.1137778749357687
178.1781781781782,0.18305770310629285,0.07810193227615973,1.1359360821003472
178.3783783783784,0.2154829278174902,0.07042748602115856,1.0116520250660987
178.5785785785786,0.18679229468802022,0.09904461419989637,1.1778109624027384
178.7787787787788,0.09349673319538718,0.08799954062291691,1.0170379075811682
178.978978978979,0.1158108167079819,0.05339108785468629,1.2129705946967757
179.1791791791792,0.1819798190289579,0.057816053709813645,1.3392072093500855
179.3793793793794,0.17359429931173387,0.11686598118424169,1.314695182754884
179.5795795795796,0.15591920319627287,0.03988157167091849,1.0672228247530515
179.7797797797798,0.09540490555097951,0.1480599312441318,1.3345689234360192
179.97997997998,0.14760779859973217,0.1423949912682573,1.086288636693003
180.1801801801802,0.10190773839363362,0.17567744842238026,1.1753779715855428
180.3803803803804,0.1905989933855577,0.14407326254930083,1.1940411453765745
180.5805805805806,0.17357456844471245,0.0830179729550464,1.2120465198828252
180.7807807807808,0.19785056023901726,0.004792883852374044,1.0943183267119776
180.980980980981,0.20338557415271014,0.15486298543435387,0.9941190127033944
181.1811811811812,0.06628820835863727,0.03373411980512173,1.0309344859315828
181.3813813813814,0.08783748155609017,0.033155040291802745,1.1065766932663734
181.5815815815816,0.19590934472912877,0.1747636628658222,0.9975866792415943
181.7817817817818,0.07855340803647251,0.08947129800271103,1.1312514801251754
181.981981981982,0.09876775233227535,0.10644495501765756,1.025047447827503
182.1821821821822,0.027969564924895968,0.07657820611887232,1.0519170950542884
182.3823823823824,0.11725707051675702,0.1843751061469238,1.2254051114167896
182.5825825825826,0.2145668521224993,0.19747592483452303,1.1073365388314016
182.7827827827828,0.1503793883098615,0.08498099789657576,1.0440622655180762
182.982982982983,0.1781126643788071,0.07792082064019196,1.3454829913980686
183.1831831831832,0.12238539644882296,0.14312025949602641,1.1611811545377755
183.3833833833834,0.12016474773155879,0.05438409058985182,1.036189258640319
183.5835835835836,0.13995214041976284,0.10985063943815304,1.1096726709331144
183.7837837837838,0.12429185315776053,0.03726384557684277,1.3331589731101467
183.983983983984,0.2135785138056641,0.10541552101814598,1.108782555408089
184.1841841841842,0.11291535856347762,0.005598366977067308,1.0738596059821262
184.3843843843844,0.16234790619682735,0.14944637655925028,1.2744512614321457
184.5845845845846,0.048035520841364136,0.016426159630135474,1.3220020114955813
184.7847847847848,0.11178438457282897,0.09612233267335045,1.1782652553550623
184.984984984985,0.10785543223421001,0.06335263410717301,1.2102574814735294
185.1851851851852,0.09530890510071083,0.15627761518068659,1.0719218278733145
185.3853853853854,0.07554630624497921,0.06266207943350764,1.3201743895886229
185.5855855855856,0.17312480503929395,0.036860079623458934,1.0632355703292864
185.7857857857858,0.061715477099917634,0.045772631237101305,0.9863796662654871
185.985985985986,0.1476150473693753,0.06262094810008582,0.9907939042245183
186.1861861861862,0.12067851477765427,0.19370527227657114,1.0100703553632857
186.3863863863864,0.16869204156968953,0.17134674039642062,1.0555127604782488
186.5865865865866,0.1867866284731149,0.15017526857430902,1.0809121784886342
186.7867867867868,0.09979541409695511,0.05147612603886972,1.0065958366827221
186.986986986987,0.15411400193684502,0.19839751281226412,1.0009439854921747
187.1871871871872,0.02834442596035984,0.07498248613792927,1.230084236245539
187.3873873873874,0.05981480593026683,0.07114348885412199,1.0003023751292122
187.5875875875876,0.12018284594870343,0.17284812314053108,1.0152255843094462
187.7877877877878,0.14414057300050634,0.08746715466473821,1.1644827128366295
187.987987987988,0.1261152804163392,0.1367339526179795,1.0346492662485471
188.1881881881882,0.13113747573779133,0.11345806167214438,1.0114381661491099
188.3883883883884,0.0625799207255201,0.04157857652668893,1.0729090770852452
188.5885885885886,0.07469439769088627,0.10691774113362791,1.3117470543309298
188.7887887887888,0.18845051105700958,0.16743647028444444,1.269738628658188
188.988988988989,0.136162815264748,0.17371328457825816,1.2890495919970872
189.1891891891892,0.13767074825823788,0.0861556262365819,1.3080477414531013
189.3893893893894,0.20806733800814914,0.17251292259732107,1.0165870526988938
189.5895895895896,0.07584987325670815,0.021605048080857708,1.3452517476443038
189.7897897897898,0.11878623301764873,0.16745768610695333,1.0498807163016588
189.98998998999,0.09508410584642943,0.03873730008763273,1.0947907285117884
190.1901901901902,0.150961553085266,0.03665502099939992,1.1209774932039749
190.3903903903904,0.20161134294507574,0.10014637653924323,1.0680972877249457
190.5905905905906,0.19924786315545878,0.1829682652587787,1.252328780180574
190.7907907907908,0.06081615259582826,0.17460302654029256,1.1490153408343666
190.990990990991,0.07060706914621075,0.11171941733641481,1.2526166870581958
191.1911911911912,0.16855344662680935,0.009703173682214825,1.0158692602546753
191.3913913913914,0.14212862658586634,0.008863904587415336,1.2277458113866204
191.5915915915916,0.1777478446975027,0.16020385150473465,1.1879650067500747
191.7917917917918,0.13950503538138906,0.06362120952740766,1.305887528847559
191.991991991992,0.19685168874678183,0.0069975652011497365,1.3056285323278733
192.1921921921922,0.1691889916366581,0.11558766363103169,1.0900815347746757
192.3923923923924,0.038793604546732086,0.0317862545525909,1.122152630693922
192.5925925925926,0.07755596763573436,0.18457277077572118,1.0935412224034025
192.7927927927928,0.1793696419761906,0.07585762761692134,0.9883122277700492
192.992992992993,0.1654098063522507,0.19481801904433604,1.0775783464817628
193.1931931931932,0.056091553662615194,0.04038512129679152,1.3466822506729392
193.3933933933934,0.10405344799713827,0.1470279195341367,1.1774610938322316
193.5935935935936,0.18859380366449716,0.10020547113062656,1.2683088423207811
193.7937937937938,0.07181552563690796,0.14011095491329217,1.1336038117719127
193.993993993994,0.061425062499179166,0.08952097344737107,0.9861158761809986
194.1941941941942,0.1547895123212627,0.11060765642096008,1.0089414843600368
194.3943943943944,0.04484290907684627,0.09956462708003394,1.064590537535385
194.5945945945946,0.0838042779432723,0.0036184971940341456,1.2362956528764608
194.7947947947948,0.14643338649596363,0.15513086689562147,1.336323217826565
194.994994994995,0.20842331025103508,0.12672866557285897,1.0710892426687038
195.1951951951952,0.1656769352950403,0.1702817777050957,1.3002007886907805
195.3953953953954,0.19332041867688263,0.07624320430541333,1.3134072403435557
195.5955955955956,0.20722526235228125,0.10730563908099672,1.2398588166464486
195.7957957957958,0.11735817169468331,0.16658808117523033,1.220030219332762
195.995995995996,0.04708712493281938,0.10806190474303776,1.3010447271156318
196.1961961961962,0.1512208123286905,0.08558605012845555,1.2961977575486092
196.3963963963964,0.08808216417279896,0.055905250898356136,1.116506368638437
196.5965965965966,0.08166261363899234,0.03546192496370704,1.3033456651585476
196.7967967967968,0.2055931021948199,0.16047263442791912,1.1023599140302447
196.996996996997,0.09002278639262679,0.0034918412835339826,1.1243589687706024
197.1971971971972,0.16489376834064756,0.03640648722613241,1.1532842190144328
197.3973973973974,0.1259575400884921,0.18032440306981395,1.2757197665528155
197.5975975975976,0.10037051141890023,0.1353931608096571,1.2924744389993892
197.7977977977978,0.02815199467810929,0.0014430164385475625,1.1594753034215801
197.997997997998,0.12686634945062938,0.15386596984100093,1.2430645920895387
198.1981981981982,0.0845318852340267,0.18872118993143544,1.083386594931158
198.3983983983984,0.10555179317731771,0.11918410506572157,1.3170968559343796
198.5985985985986,0.2004842874617427,0.07156801916978439,1.3312591488562677
198.7987987987988,0.17552473588295536,0.12935510593383961,1.2998705938689197
198.998998998999,0.1271979630113068,0.12053389267429837,0.9882194516001748
199.1991991991992,0.056133347844741506,0.08611186835872597,1.0489531896327282
199.3993993993994,0.17300352059283994,0.19427031171422898,1.0005173384528772
199.5995995995996,0.05605386754986453,0.08775947068867346,1.3039573167611453
199.7997997997998,0.20067148807018842,0.13286591358618594,1.0404767690604042
200.0,0.19774736653194847,0.09404858623207456,1.2800488281701752
