0.0,0.835246947598391,0.217899748545636,0.17821700288877473
0.2002002002002002,0.8103788798829435,0.24983242419544718,0.08675218631785077
0.4004004004004004,0.8550669227896848,0.3079067303018669,0.13542401313904445
0.6006006006006006,0.8048789099621829,0.25589492520289614,0.18055385507139832
0.8008008008008008,0.7796393401777205,0.2838815188362158,0.074388170863628
1.001001001001001,0.8145824217343783,0.26629850676007144,0.13553313758803903
1.2012012012012012,0.7869861195530801,0.23858496044837646,0.1468711727104999
1.4014014014014016,0.7647223098812089,0.25118969457644974,0.03567065499427616
1.6016016016016017,0.7881374274538306,0.29518054023433044,0.1590085891555606
1.8018018018018018,0.7953638520671998,0.2795895755548411,0.11597472886454523
2.002002002002002,0.7673700136681819,0.27921459626399936,0.16106930913074943
2.2022022022022023,0.7247989074269088,0.27436082612939716,0.20242258923600778
2.4024024024024024,0.7576084434802197,0.30043277493312515,0.1321032286681902
2.6026026026026026,0.7406401251650704,0.2861511475423677,0.04218545204125801
2.802802802802803,0.7306869131460897,0.3517125272448989,0.09204685882902428
3.0030030030030033,0.7521555892556517,0.3684805937420701,0.2141345392414161
3.2032032032032034,0.7818513810306191,0.3737822534725822,0.1367898542079375
3.4034034034034035,0.7619441636978134,0.3209771786400355,0.19119574224912636
3.6036036036036037,0.7127246253727374,0.3652501997068272,0.15043791962426845
3.8038038038038042,0.7070858083673394,0.37443755454202077,0.1334884291579086
4.004004004004004,0.7465604715623627,0.3002770672711822,0.12220409597123227
4.2042042042042045,0.7348275154583112,0.3378896338125123,0.18855527778509357
4.404404404404405,0.6698687921065641,0.31679616428087853,0.18653076838433738
4.604604604604605,0.6821046059687121,0.39631395653124346,0.20436131329380564
4.804804804804805,0.6676118903703815,0.3625679796711279,0.11462225104909954
5.005005005005005,0.6667429831729038,0.3510586401093675,0.17282517526854496
5.205205205205205,0.6467390923754716,0.32660409974270643,0.12986507918344814
5.405405405405406,0.6804785396553514,0.4236676687401215,0.12908937983803426
5.605605605605606,0.6499808489136657,0.35791308941384015,0.1135163446697928
5.805805805805806,0.6601241966691533,0.3377000223780372,0.1484855300336384
6.0060060060060065,0.595892962662654,0.36281940514128647,0.13669799881362177
6.206206206206207,0.5809135975602139,0.38617752024738167,0.15752935395573547
6.406406406406407,0.6500078316663778,0.445281239684008,0.1458724313594889
6.606606606606607,0.5563100413461228,0.36704416812953344,0.21568143581315022
6.806806806806807,0.6397432307905225,0.4142434732399754,0.1021795672906164
7.007007007007007,0.63170281264917,0.44424744528146737,0.14904733183622987
7.207207207207207,0.5745438131372395,0.42797659242035924,0.22871880382623982
7.407407407407407,0.6181902179486011,0.38664385734000556,0.10818028570029084
7.6076076076076085,0.5582453129434927,0.41269002866078697,0.11605906998638597
7.807807807807809,0.5353470098266927,0.4489530406293983,0.19071434518742342
8.008008008008009,0.5622819537836207,0.47317383314267886,0.21466752837034714
8.208208208208209,0.5270522466995609,0.4738402177069745,0.12596350679832488
8.408408408408409,0.5319131269209197,0.4373554966162496,0.2003918404603344
8.608608608608609,0.5385429292278187,0.4722018214814782,0.24721640885496687
8.80880880880881,0.47431265354668817,0.44525261006344596,0.14333067120808357
9.00900900900901,0.49367641193148654,0.46515956657015417,0.1808486451660969
9.20920920920921,0.5102655603674645,0.486821233419635,0.2848836646483014
9.40940940940941,0.5051176400478089,0.4522419369988247,0.14772482106699616
9.60960960960961,0.454151271884577,0.42147612848929844,0.2795156921376246
9.80980980980981,0.4805943628974414,0.43916073782723997,0.2697223181056968
10.01001001001001,0.4858507688350249,0.491714361496173,0.20723106812574937
10.21021021021021,0.49000726198024924,0.4234630795834629,0.2213318543963681
10.41041041041041,0.5007992216387389,0.5067242015144996,0.24745451545275968
10.61061061061061,0.45667255397086726,0.44053062289538075,0.30096971628010627
10.810810810810812,0.45293258215180765,0.4652650128642081,0.19912717769078211
11.011011011011012,0.40314933580622914,0.4696143239874785,0.32745507161067433
11.211211211211213,0.4310646716436956,0.43957737832489624,0.32926697424248463
11.411411411411413,0.45940220949486543,0.48314307712380483,0.3355496384677994
11.611611611611613,0.4535975727207343,0.4839983869680607,0.21136425372868128
11.811811811811813,0.40240733773009035,0.5159344437513426,0.2168344264775984
12.012012012012013,0.4550497937010682,0.540354260131963,0.2334816187194088
12.212212212212213,0.38598614459253366,0.5298319562015671,0.3083336018498684
12.412412412412413,0.4157240280129556,0.5171079768323424,0.22515190109278885
12.612612612612613,0.4368533107757724,0.5237220707379769,0.27867333554875984
12.812812812812814,0.4078938214712084,0.54091045410953,0.353622823720145
13.013013013013014,0.40137689174803665,0.5064267478524399,0.24930927904223144
13.213213213213214,0.3355007943190627,0.47908248276234155,0.292206900336659
13.413413413413414,0.321454888443513,0.5148224720614876,0.27109511420113197
13.613613613613614,0.3642888266098657,0.5214833100520888,0.2808180648642065
13.813813813813814,0.39121507462053023,0.4585971691444642,0.2458920937680146
14.014014014014014,0.3081001851851302,0.5407759442100156,0.32357603191358103
14.214214214214214,0.3742438672128804,0.47007246796064583,0.30432928544054727
14.414414414414415,0.3816902744753331,0.4718969164609454,0.3484473915504912
14.614614614614615,0.31808606088002783,0.5130488114251407,0.36073847732116265
14.814814814814815,0.29610335716118774,0.5582557662175633,0.2831072557590512
15.015015015015017,0.31035654628137543,0.4805565772964354,0.32267381362814224
15.215215215215217,0.30979358116471495,0.48999662496870344,0.3583006986007989
15.415415415415417,0.35040138110613417,0.47722455128939134,0.3961891459190343
15.615615615615617,0.2668757521626996,0.502783014480874,0.45149568190261125
15.815815815815817,0.31506161243506714,0.5013915292554537,0.2882108488652096
16.016016016016017,0.3126957170710953,0.5048397432785912,0.44556317871027196
16.216216216216218,0.27458857282534016,0.5302558642477615,0.30137537611714316
16.416416416416418,0.28782026799020266,0.5075753541893407,0.4011288078466174
16.616616616616618,0.32049705302693754,0.48573049418066816,0.41695128984427815
16.816816816816818,0.3035601263555368,0.4997846181829314,0.35682935517389786
17.017017017017018,0.2456792930568912,0.4849356399779531,0.34052394126775914
17.217217217217218,0.2731540949443042,0.47495277501495525,0.40346297294676947
17.41741741741742,0.2805415921620065,0.5523967645987371,0.49259806499198333
17.61761761761762,0.24454170725461605,0.5461656040587359,0.40035845363924605
17.81781781781782,0.26804573819381944,0.4959550970816728,0.4405426279045077
18.01801801801802,0.24624149879918672,0.5532042542055879,0.41325334875855446
18.21821821821822,0.30284693009758684,0.4920575610220483,0.35984816986658963
18.41841841841842,0.29510599196405124,0.48333932186643486,0.48297695665599416
18.61861861861862,0.26183053936357836,0.4865475434390996,0.36492992530435486
18.81881881881882,0.2654064689181503,0.5279377669475203,0.41029270513274263
19.01901901901902,0.2452358760566535,0.465079914802244,0.4250249930644195
19.21921921921922,0.24543964246636177,0.506860064850313,0.4677004890269166
19.41941941941942,0.2778972853574635,0.5416023843440577,0.5278352085911955
19.61961961961962,0.20082281665420185,0.48745965137238323,0.41118772389819896
19.81981981981982,0.26996887377621753,0.473496796678844,0.47386759770166975
20.02002002002002,0.25301852600702235,0.485313327206531,0.41923670370697524
20.22022022022022,0.24379284124088096,0.5026448725505492,0.4566690592639869
20.42042042042042,0.19573260401431214,0.4867520902951918,0.56692826303615
20.62062062062062,0.2565806592261743,0.5246044794342097,0.4150865187697054
20.82082082082082,0.18033722236466773,0.5059151880406514,0.4628122440087302
21.02102102102102,0.22703505724858758,0.4704396660245093,0.4212138512048052
21.22122122122122,0.24439062792037386,0.4523361965592084,0.4088611381107171
21.421421421421424,0.2205930905625027,0.4583281874503389,0.4448006773335049
21.621621621621625,0.16272631678791336,0.4656373863972395,0.4469367567076264
21.821821821821825,0.1757002332207006,0.5029704694220077,0.5394801394025868
22.022022022022025,0.21770633747148127,0.46798959627377507,0.5143240712273801
22.222222222222225,0.18018063798212144,0.5020028446101596,0.4858667021004853
22.422422422422425,0.1752504635641666,0.472520010523962,0.4371094666376536
22.622622622622625,0.14991497435476353,0.5232430255683355,0.5477756251765216
22.822822822822825,0.1375905003588453,0.5102646553548856,0.575004318436628
23.023023023023026,0.19074261190198158,0.5094018893150971,0.45889536064343645
23.223223223223226,0.22491763194248182,0.4894427999688858,0.5817573234430122
23.423423423423426,0.15454593286862756,0.4624059485309163,0.6276522730565788
23.623623623623626,0.15855309622839517,0.46724758082629136,0.5139763741328762
23.823823823823826,0.2088844296010888,0.48980701215656064,0.5028849414094192
24.024024024024026,0.20315065187239723,0.506888713170976,0.6472218791859613
24.224224224224226,0.16778423147309326,0.48513429949563147,0.5148097254244931
24.424424424424426,0.21171691245540264,0.44836455891139826,0.5627325367333973
24.624624624624627,0.19572536384813083,0.48358759396650486,0.6017772118689373
24.824824824824827,0.13601799235223555,0.404223862280172,0.6467698061779419
25.025025025025027,0.16813213633777083,0.43430882736757176,0.6467563199577061
25.225225225225227,0.1609143403089612,0.41184160474896314,0.6049099773503144
25.425425425425427,0.12025842172656238,0.45386873394918026,0.5434219132122518
25.625625625625627,0.11053932455558166,0.4245106925193731,0.6243312519177728
25.825825825825827,0.16543203700586023,0.43684390428439107,0.577510094900157
26.026026026026027,0.10905936912556097,0.41586106001684797,0.6881438525671958
26.226226226226228,0.18154705038869634,0.4839617386094702,0.5365967596529334
26.426426426426428,0.1489479427868303,0.46768295544082034,0.5684906861232488
26.626626626626628,0.13427156227799653,0.4045999543046401,0.5777388273317942
26.826826826826828,0.10094695621959587,0.45009464714327485,0.5698120756321232
27.027027027027028,0.09805144004769697,0.39311457003771677,0.6687074866513464
27.227227227227228,0.11785684862802256,0.45078726762331306,0.5340514131417078
27.42742742742743,0.10166596902200961,0.42308901531751997,0.5537930881494182
27.62762762762763,0.1117920580245092,0.46047970704411156,0.6038450748672727
27.82782782782783,0.10606172056466576,0.43033628707470645,0.5474593089302496
28.02802802802803,0.17758268042493602,0.4153829647245969,0.636001194105463
28.22822822822823,0.09423556604475941,0.4311327352002654,0.5890456479243166
28.42842842842843,0.12021428026263106,0.4176229934719507,0.5978658337345857
28.62862862862863,0.1737975636477816,0.3756408518659731,0.7291532909201917
28.82882882882883,0.12139433418854675,0.4227806044848434,0.7283651062782659
29.02902902902903,0.17933371493848435,0.45207952187498734,0.5971357431052282
29.22922922922923,0.11134131706992638,0.3934603539211879,0.6513027931974551
29.42942942942943,0.12207610127477694,0.4025528917488391,0.6459838364437437
29.62962962962963,0.16833711198470086,0.39684513967991614,0.7099179801877535
29.82982982982983,0.1083721790924867,0.4045245626632723,0.7045198695866848
30.030030030030034,0.08043568094632016,0.3852936850789747,0.7427802555813559
30.230230230230234,0.08765689516368418,0.36613538396278333,0.7370741935346032
30.430430430430434,0.1296980078331585,0.35321142580998344,0.6332571458234502
30.630630630630634,0.14735473973226276,0.42062583364352596,0.7373902257409876
30.830830830830834,0.13428745711561194,0.39007312234047686,0.660371721899584
31.031031031031034,0.15564408219186526,0.3480095393826467,0.7062930537951513
31.231231231231234,0.08215116730573466,0.3812270098967712,0.7354157223256781
31.431431431431434,0.10222405417576755,0.4077128509889779,0.6823967413070706
31.631631631631635,0.14231952600708686,0.34305049548412603,0.6307385454434163
31.831831831831835,0.1587981871199462,0.35538877707412,0.6958193671167614
32.032032032032035,0.13607697423798115,0.3434603838508984,0.703220238658397
32.232232232232235,0.15560007028326867,0.3594476371282873,0.750024906498175
32.432432432432435,0.07251925465709402,0.3383921446478707,0.6707984529633647
32.632632632632635,0.12807639705328314,0.3154892434673021,0.7837528809970554
32.832832832832835,0.16200316275137594,0.3244292938427045,0.6894395207779527
33.033033033033036,0.15027023363801084,0.33185736381594433,0.6962328221188934
33.233233233233236,0.07480537978410222,0.3390525285595327,0.7831072158742893
33.433433433433436,0.12279975216746533,0.36140823917497183,0.6823736433765624
33.633633633633636,0.09917447891115078,0.38656969811526837,0.7060279033219696
33.833833833833836,0.09055585433931909,0.3731333146932133,0.7196438631996621
34.034034034034036,0.15521000524565615,0.3745687174083815,0.6879831533951073
34.234234234234236,0.08077183640656371,0.3100475800098638,0.6914573154026433
34.434434434434436,0.14085242212753812,0.38347602704114003,0.692629459211031
34.63463463463464,0.1254002039546772,0.31572954895687627,0.7034939865208537
34.83483483483484,0.10237763408159795,0.3320707088357041,0.802834312988736
35.03503503503504,0.1227015036459931,0.2934141586564668,0.7735253710933722
35.23523523523524,0.0990058037824719,0.28477200567517064,0.830141836595209
35.43543543543544,0.10221319666281367,0.3357172799941725,0.7082328242644352
35.63563563563564,0.07429581410338564,0.2909593170822193,0.6810681441975049
35.83583583583584,0.12384799423194733,0.3449791067466887,0.7924066178016267
36.03603603603604,0.15200850494887527,0.31176234290240284,0.8157818696727965
36.23623623623624,0.11188299687546241,0.3237378806116313,0.6983042146124695
36.43643643643644,0.12042787774615582,0.30919959248790263,0.7260562932269699
36.63663663663664,0.14618493399800395,0.330592408866319,0.6853289832204882
36.83683683683684,0.0907118894229424,0.3237196291678616,0.8366784836488348
37.03703703703704,0.06543819804349718,0.342203024300755,0.706167894076377
37.23723723723724,0.055854930039122466,0.3005433372603147,0.8470525218665236
37.43743743743744,0.13857632348829124,0.34319428718291684,0.8270503142753948
37.63763763763764,0.09979687159882684,0.3375953487037695,0.8179587623876682
37.83783783783784,0.1003350537588722,0.34268784042263023,0.7279674745784939
38.03803803803804,0.11318052918204954,0.29113360203025174,0.8721418504057674
38.23823823823824,0.09725476655161963,0.2740602601562916,0.7547181763992589
38.43843843843844,0.06927601951056359,0.27408861929355177,0.8581405814103735
38.63863863863864,0.12361280359038568,0.3236503320560684,0.7077445255658514
38.83883883883884,0.14497212412390245,0.33942467778108787,0.8087240551578493
39.03903903903904,0.07184586321023759,0.27205389237689065,0.8005540274774091
39.23923923923924,0.051571023492796936,0.256732488499026,0.7607963294541821
39.43943943943944,0.08441929310412521,0.29945230758075575,0.7204392797226935
39.63963963963964,0.07628541611744756,0.3338192425468844,0.8432798951462364
39.83983983983984,0.05940130453405634,0.2975921613111241,0.8163111111174274
40.04004004004004,0.10185897774904919,0.25783487431675195,0.8589030107433887
40.24024024024024,0.13409087799709252,0.241730081440228,0.7451515741957129
40.44044044044044,0.06931224597974267,0.24032493622988158,0.7312873385604359
40.64064064064064,0.10250727035428572,0.3069663274840534,0.8309604905329201
40.84084084084084,0.1238297539260037,0.2945424277202472,0.8374068101947535
41.04104104104104,0.10156772140787615,0.28625874999899853,0.7617584256073061
41.24124124124124,0.07863538098440792,0.2935918326466631,0.7826558919173859
41.44144144144144,0.08408546518566162,0.23829912862574826,0.8001718637336928
41.64164164164164,0.09862028549666366,0.25849920513420244,0.8233186628263546
41.84184184184184,0.10777685524794944,0.2489454036281693,0.9012769522812794
42.04204204204204,0.06474972646008623,0.22059619343197007,0.8705128764842185
42.24224224224224,0.09964318957549557,0.29871557137303584,0.8060177558072903
42.44244244244244,0.0662540306518635,0.30065727877217285,0.9101308989009304
42.64264264264264,0.06883617271671094,0.24480701255435552,0.8241545613233228
42.84284284284285,0.05596312750400215,0.3001483298092027,0.7888136051068989
43.04304304304305,0.06332127255720203,0.2468343640493714,0.8448156239759568
43.24324324324325,0.13531702317084254,0.2788088781775256,0.8906720808720842
43.44344344344345,0.11200313645739843,0.22105542752212515,0.8217436444164341
43.64364364364365,0.046302186443916205,0.21722138492066997,0.7912532126341942
43.84384384384385,0.07917364811411494,0.28985212311803354,0.9179160068149483
44.04404404404405,0.09184935864038474,0.2860985163438184,0.8003863370643071
44.24424424424425,0.10962590631146138,0.2782643801112747,0.7983823541517123
44.44444444444445,0.04760170219932822,0.27854952608168526,0.9439505204118839
44.64464464464465,0.06016896185740796,0.26528823063879836,0.9333059993213679
44.84484484484485,0.049919152000871755,0.20142138031780552,0.8766781000585667
45.04504504504505,0.08993306674856451,0.19842048297121545,0.8157637540139343
45.24524524524525,0.07863321835010287,0.21829642165324886,0.8713682294138679
45.44544544544545,0.12423811468287066,0.19365286452831132,0.869899779119886
45.64564564564565,0.05058331192225961,0.28090937863736254,0.7878299545728539
45.84584584584585,0.08989553228423464,0.25293975968369264,0.945084540818757
46.04604604604605,0.069855222882658,0.20217291230663295,0.808508963768037
46.24624624624625,0.12110328818190565,0.19047069452764864,0.8444623335298282
46.44644644644645,0.08111736473591563,0.1921486805896602,0.8536487776224669
46.64664664664665,0.07625111446055056,0.2634482255163263,0.8539760671764858
46.84684684684685,0.08465160875376679,0.23234173927275387,0.8999729320367409
47.04704704704705,0.10090877091911242,0.21169862516164695,0.9006413898820045
47.24724724724725,0.07234033201964611,0.172449097630288,0.8329836172093071
47.44744744744745,0.08632552984950745,0.21876570830575454,0.9545159175764083
47.64764764764765,0.11236610544793613,0.21547334612249974,0.8448412537023147
47.84784784784785,0.06213026049819094,0.2139116965530368,0.8899191663023608
48.04804804804805,0.06162631902884917,0.19874920599760096,0.9361732007215703
48.24824824824825,0.10068071565964407,0.18528279322703242,0.8704145075195356
48.44844844844845,0.0330414049274027,0.255472779427056,0.9651452695853968
48.64864864864865,0.06455809413131447,0.19984217882059513,0.9233481870714334
48.84884884884885,0.08845264070164828,0.18853410026059433,0.9657300219695335
49.04904904904905,0.11273870590272483,0.1587225910225579,0.8682849404506078
49.24924924924925,0.07139036434082631,0.1781009138297857,0.914457082229907
49.44944944944945,0.09962216406243547,0.23969750279084878,0.9234057213825122
49.64964964964965,0.05849329424272845,0.22980449281914583,0.8173740440116045
49.84984984984985,0.06740157753525988,0.1535323066890736,0.8646026456521614
50.050050050050054,0.055934598022990493,0.24546236770515023,0.829785077036776
50.250250250250254,0.08749225886997884,0.19935673396076584,0.9947690144739907
50.450450450450454,0.0312873148884518,0.17352804019897172,0.8888302657530093
50.650650650650654,0.11191910000273139,0.1649776506495196,0.910649348130945
50.850850850850854,0.042354801621142774,0.19872513549253706,0.9233096195525963
51.051051051051054,0.08926718447675103,0.17895273418947494,0.9892607484157375
51.251251251251254,0.058137435014127076,0.1904731592973612,0.8609973872781231
51.451451451451454,0.08261814719481478,0.1603131172855768,0.9182718268026421
51.651651651651655,0.07116206419797622,0.177008625939341,0.9365383536994917
51.851851851851855,0.0647480744564955,0.22434458162786988,0.9893368017557747
52.052052052052055,0.043094132548164056,0.15619019113517757,0.8483943654794102
52.252252252252255,0.1270588586253062,0.2108052402142876,0.960015795022594
52.452452452452455,0.07263354012210359,0.23543068082602342,0.9993040001749018
52.652652652652655,0.06233469800084963,0.18021695250473907,0.8778725703611395
52.852852852852855,0.048604342316018116,0.20904761654303525,1.0029311483572045
53.053053053053056,0.11951771798870449,0.20480461602979577,0.8502847190156304
53.253253253253256,0.12220772889550117,0.224362518734495,0.9374168858839157
53.453453453453456,0.06220080457146813,0.17621314416120493,0.962248946999271
53.653653653653656,0.07018665610384617,0.1449459975543487,0.9211683729101041
53.853853853853856,0.08927742577931737,0.2265890306777058,0.8725515618957715
54.054054054054056,0.10591959372234767,0.1410441206125038,0.9751339203161977
54.254254254254256,0.10841967602209415,0.18543116687091218,0.849584770685118
54.454454454454456,0.12267365456215966,0.17343732398615172,0.9418982136691738
54.65465465465466,0.05183418415375832,0.12599434652652736,1.0154928592445809
54.85485485485486,0.08454149305978138,0.15280290709974426,0.93050491588885
55.05505505505506,0.07758577544059639,0.13813030297023812,0.9563945363508837
55.25525525525526,0.03448601182453466,0.12994222311744355,0.9802068829514319
55.45545545545546,0.08570014833344008,0.14181424021408798,0.9958975095015004
55.65565565565566,0.10832446455872635,0.20940633372100786,0.9579291120701969
55.85585585585586,0.03503181744111528,0.18868791194923268,0.8981438577233128
56.05605605605606,0.10181892836699091,0.1435650354959204,0.9648066409242466
56.25625625625626,0.07290604755318279,0.14200110117362652,0.9289895402191408
56.45645645645646,0.10225462725821037,0.1414000277803362,1.0044909056864513
56.65665665665666,0.03775481443623829,0.12596930879234172,0.9602005358022757
56.85685685685686,0.031898616383451185,0.14077908326843191,0.9165147067796102
57.05705705705706,0.10994139577808486,0.2073437449538139,0.9572076349684996
57.25725725725726,0.030657579501427452,0.12233359564485599,0.9466359121730337
57.45745745745746,0.06856946956301843,0.17505447618337755,0.8672463691289504
57.65765765765766,0.11205525581744759,0.20507599273719854,0.9428464680759793
57.85785785785786,0.08233216010295835,0.1812785491596985,0.9241747120260664
58.05805805805806,0.12469326039917376,0.15173819867886476,0.9514447302503238
58.25825825825826,0.05607836732284456,0.16917077486337045,1.007716392053822
58.45845845845846,0.07832412085045547,0.11987464155733668,0.8736524110407934
58.65865865865866,0.08830516238549278,0.11567071418299768,0.9054948468457319
58.85885885885886,0.11257842989001364,0.19260202824027844,0.8794827076446247
59.05905905905906,0.026111565399017985,0.11278979318685442,0.8780599004673069
59.25925925925926,0.11167408876040184,0.1824962763799417,0.8961276833615526
59.45945945945946,0.06784450289100286,0.18172869653593426,0.985250323868001
59.65965965965966,0.09313054339024024,0.14345074819397646,1.0408747133433025
59.85985985985987,0.03519652422566333,0.16640530264924772,0.9333932312746291
60.06006006006007,0.12068212324357082,0.17393934143343567,0.9189716206871866
60.26026026026027,0.04512908388752827,0.1255094551053618,1.0024459925247422
60.46046046046047,0.031197214303163134,0.1631559705219385,0.9840482872743294
60.66066066066067,0.047285289598531594,0.15398449428738098,1.0103835169143358
60.86086086086087,0.1020907929457613,0.11210911639414564,0.9706616726906594
61.06106106106107,0.081359487652817,0.11584974183819038,0.8951872745193729
61.26126126126127,0.09578794728029504,0.17743024347385283,0.9859762788658665
61.46146146146147,0.05547550046603338,0.13966440496531346,1.0395793717788986
61.66166166166167,0.026584506420089325,0.17197734403499731,0.9539568013523434
61.86186186186187,0.060991887380562215,0.1733433816579117,0.8975639370579945
62.06206206206207,0.040738751909664236,0.15247159358784063,0.9640401574659819
62.26226226226227,0.031222690879940077,0.18314134105055935,0.8901649952867682
62.46246246246247,0.0671976897862647,0.15851439240624085,1.0490216526856377
62.66266266266267,0.064377023173738,0.17249718641676243,1.02193366070961
62.86286286286287,0.11336109092847213,0.15906715324210746,0.8974226360732164
63.06306306306307,0.09912204979653677,0.12423273713963416,1.065195148155155
63.26326326326327,0.11906178744841203,0.14951707447950732,1.0173600005831422
63.46346346346347,0.08388074471095905,0.14134905895633054,1.0381847427014583
63.66366366366367,0.1169086792421836,0.08301740857201369,0.9068591081905993
63.86386386386387,0.10631579512934924,0.10096416282563894,0.9148216427864397
64.06406406406407,0.10494877395597438,0.12116519028263713,0.9940469801538362
64.26426426426427,0.11434204142755615,0.15299590304167027,0.8993394587448857
64.46446446446447,0.02449593723579922,0.12512628269285286,1.0236717715235917
64.66466466466467,0.05525333389186623,0.08543664047396242,0.9741467386474701
64.86486486486487,0.08181841584921117,0.10991661759998021,1.023619186765646
65.06506506506507,0.12152186662211702,0.09373253371965119,0.9841585451194849
65.26526526526527,0.07109465806521743,0.09449021277231967,1.0257320241482404
65.46546546546547,0.033491637220328926,0.1399338544924139,1.037982507610665
65.66566566566567,0.08043653760073191,0.11823878659801268,1.0652687994160943
65.86586586586587,0.12079989055287146,0.10641045567592718,1.0047710238808312
66.06606606606607,0.09071366644050183,0.09114359067692904,1.0283620879399336
66.26626626626627,0.035224635581004755,0.09453146856535415,1.029980640114674
66.46646646646647,0.04747207601112531,0.12029635542545059,1.0216377462311
66.66666666666667,0.10954690138765177,0.10968249103781202,0.9290158138052852
66.86686686686687,0.052012246000969195,0.1356351080961622,0.9945660017202689
67.06706706706707,0.07059952653955391,0.09261946313440425,0.9386867547496257
67.26726726726727,0.04789829630748048,0.156839673076016,0.9666178853183063
67.46746746746747,0.02239179978185359,0.08265686813182285,0.9969272044672235
67.66766766766767,0.09871249403310994,0.11013797083825562,1.0366672944220965
67.86786786786787,0.08213938527459552,0.06910605624285182,1.0570061547361238
68.06806806806807,0.028071791573753776,0.1603925168355484,0.9280414874130811
68.26826826826827,0.09053920055301383,0.09816286981506948,1.083265803176965
68.46846846846847,0.0509293919090192,0.09950096356288118,1.0360185291878983
68.66866866866867,0.0945776383385435,0.10572449964796977,1.0430085812873855
68.86886886886887,0.04463136566185491,0.08097187144130523,0.9171438716761462
69.06906906906907,0.02628363313137458,0.16141449670951574,0.9471225731216728
69.26926926926927,0.051954888772781864,0.08431459587530893,0.9847870206547865
69.46946946946947,0.052986841178772705,0.1306840137875364,0.9731568292550083
69.66966966966967,0.08903012111505292,0.09770921431360416,0.9469531454499522
69.86986986986987,0.10695961572915323,0.11590155571707644,1.0923402269961906
70.07007007007007,0.041692390612511496,0.15247834621303585,0.9244684556170915
70.27027027027027,0.027585279119803772,0.147140510518859,0.9306094827863092
70.47047047047047,0.03345227527849684,0.15104555090683136,0.9351876493197128
70.67067067067067,0.06758616868296449,0.06758320170728224,1.0453986933933341
70.87087087087087,0.03792962841435979,0.10753197573681261,1.0764223724275852
71.07107107107107,0.05252735265874373,0.1381884826030019,0.9520762564387998
71.27127127127127,0.08142540817930567,0.15426298670867147,0.9743562703983993
71.47147147147147,0.08182734342956013,0.09562728129622736,0.9861924667934245
71.67167167167167,0.08152361011104632,0.11729651598287745,0.9513764615290928
71.87187187187187,0.060728078443939154,0.1538795228949134,0.9752928742149704
72.07207207207207,0.0648304291511994,0.10921816473495621,1.0020269305888654
72.27227227227228,0.05597999580915558,0.11982950980338583,1.0333895700955094
72.47247247247248,0.05627203054766273,0.1517928202925955,0.9325660746215091
72.67267267267268,0.04726771672551398,0.12838546254094876,1.0128444890585122
72.87287287287288,0.06572830962413671,0.07695016359588155,1.0045597525939387
73.07307307307308,0.081627959730379,0.07093049172247054,0.9989792972942928
73.27327327327328,0.1189217343651705,0.06834964633944715,1.034891101820924
73.47347347347348,0.020682355999201863,0.08883373641678986,1.095201627151954
73.67367367367368,0.050410721662089805,0.08169341456921661,1.011545499622653
73.87387387387388,0.07144886861036447,0.11128909450827267,0.9763344546225898
74.07407407407408,0.10857147754779473,0.1360109444294748,0.9840768806376416
74.27427427427428,0.04128141170993446,0.0797158564517719,0.9313460352399701
74.47447447447448,0.02741718028380876,0.054898598683301436,0.9322106429403332
74.67467467467468,0.09811571589784279,0.08618942303247326,0.958337902606185
74.87487487487488,0.09197194970370087,0.05295454137225323,1.0946634863190965
75.07507507507508,0.022700342781961414,0.05175979207441901,0.989697984532252
75.27527527527528,0.1009951824260222,0.10366085622075236,1.0961876303369258
75.47547547547548,0.04655592383629779,0.059305624825020525,1.1048283510734325
75.67567567567568,0.0447246965836375,0.1297652894471155,1.086184182057254
75.87587587587588,0.04099627994171828,0.14131918183500544,1.0732414369517604
76.07607607607608,0.11606696082158934,0.07008792583930126,0.9631291666909636
76.27627627627628,0.03298481347856459,0.05635103300882749,0.9999401378370211
76.47647647647648,0.09389099394882344,0.1310397340810363,0.9610699313079806
76.67667667667668,0.10271308687647507,0.11732225358250165,1.1109719246982874
76.87687687687688,0.0951808533444998,0.09670147307341667,1.0540048431622433
77.07707707707708,0.05582226076631515,0.1011138980416312,1.049338416987809
77.27727727727728,0.08241385603881216,0.13741422798223407,1.112750769503368
77.47747747747748,0.03547706599929454,0.04490230504599502,0.9532257901606194
77.67767767767768,0.059611960218087914,0.14321653201288115,0.9807276038116615
77.87787787787788,0.04001155068950194,0.12912692072925586,0.9915291973457885
78.07807807807808,0.07074948580150961,0.05204511894360312,1.0220148247545278
78.27827827827828,0.03861520129724,0.05585713186345267,0.9585948321723141
78.47847847847848,0.07547416320482965,0.10869541011827938,1.0841435855344947
78.67867867867868,0.08751979717780614,0.13592114945891956,1.1140382892571303
78.87887887887888,0.1135855693149599,0.07436378958490449,1.1160104403934925
79.07907907907908,0.11646910218737175,0.057252046264685774,1.099517773170533
79.27927927927928,0.1011550317781464,0.12359149661872326,1.0414118239912595
79.47947947947948,0.06919804350118551,0.08279340060250182,1.0068621571423646
79.67967967967968,0.06802687105647687,0.10074427440705211,1.0578217840484057
79.87987987987988,0.1125573367549942,0.10938572189922639,1.0605287615707706
80.08008008008008,0.0398496580894758,0.09327474760631052,1.0130343860585838
80.28028028028028,0.04592217475122275,0.047307117154091985,0.9732446080427365
80.48048048048048,0.09312122275912012,0.07641031855912614,0.9910983530703876
80.68068068068068,0.06379571927729263,0.11032980996477748,1.0834881271816923
80.88088088088088,0.11390603343559175,0.1334204406012631,1.053709136806939
81.08108108108108,0.03471773485428967,0.0766227836414575,0.9701072051862684
81.28128128128128,0.05146315878461867,0.09001442004981018,0.9770672250397909
81.48148148148148,0.02793044375203451,0.04119544752013268,1.0922390199955008
81.68168168168168,0.08833740640776411,0.0812665280907292,0.9720887089149652
81.88188188188188,0.11168168442693076,0.048965260604962334,1.067533765625321
82.08208208208208,0.10489863262945028,0.045517492314995495,1.0999971938686746
82.28228228228228,0.10532082111153557,0.049099364589441905,0.9688059305398771
82.48248248248248,0.11595371943126073,0.06760884703476994,1.0923141772136307
82.68268268268268,0.09801468642963229,0.04584473614785792,1.0887632277109986
82.88288288288288,0.11109452975322688,0.03788916090036277,1.1044138447619243
83.08308308308308,0.04667145047843728,0.06706555008398,0.9486152488886511
83.28328328328328,0.07881080846160968,0.0998394284521179,1.0134469497428211
83.48348348348348,0.05756340074524309,0.09474680343399844,1.1069067622751403
83.68368368368368,0.038917901355930554,0.1315474421264988,0.9630636215161676
83.88388388388388,0.031415292987543836,0.11170843754077672,1.0565630305202198
84.08408408408408,0.028354752417563495,0.06271514143891836,1.1294521110412648
84.28428428428428,0.07742621134018367,0.07180493027048354,1.075124307801498
84.48448448448448,0.09694468604198671,0.1265042129590232,1.0250336390326924
84.68468468468468,0.01924030829927901,0.06426414416269396,0.9930572282430399
84.88488488488488,0.05177963457641925,0.07279051138953421,1.1056012235512565
85.08508508508508,0.042233353317087934,0.05304401871989847,1.0407853966329492
85.28528528528528,0.11549435378744877,0.04466141878609631,1.0710360582284246
85.4854854854855,0.026733605445733083,0.12233192846729643,0.9956671819263291
85.6856856856857,0.09704088506250924,0.030670883682102194,1.0422844219356602
85.8858858858859,0.11146492794082125,0.10946688026852028,1.1316538327512742
86.0860860860861,0.042353964117069806,0.11888292325640933,0.979216698705996
86.2862862862863,0.030849868083858378,0.12489460262221903,1.0628858342791832
86.4864864864865,0.032658379988842426,0.12332115981001947,1.0818063455833593
86.6866866866867,0.034748658334421,0.029080568187872583,1.1282762573977716
86.8868868868869,0.0794886286708084,0.12037904475165742,1.1342490461393635
87.0870870870871,0.11310581776263895,0.06619971566377261,1.03991743702209
87.2872872872873,0.07838527521551383,0.09607008356604158,1.0437631397800027
87.4874874874875,0.07005092538345371,0.03397527457402052,1.127961947778281
87.6876876876877,0.03794865248389525,0.058944272318402685,1.1320173655506847
87.8878878878879,0.04323504552420871,0.03452707544544083,1.105171586146174
88.0880880880881,0.06738017722349318,0.12351650162391008,1.0033202027011316
88.2882882882883,0.10944468250479825,0.10012541552284679,1.0157231964630096
88.4884884884885,0.08786387960628966,0.12359027695972633,1.0236981408145134
88.6886886886887,0.10102692036750954,0.03488500340809518,0.9663036562189331
88.8888888888889,0.09500437423526567,0.08064740275741539,1.0496282128663257
89.0890890890891,0.05379454747368051,0.04563384903603238,1.1266576288717078
89.2892892892893,0.03409393649541792,0.06101043640962101,0.9812412523248346
89.4894894894895,0.11681181267935065,0.08986975490380629,1.0678371446522832
89.6896896896897,0.06998949893917202,0.11174183709191637,0.9832964569763689
89.8898898898899,0.08388750362378225,0.07157137394937736,1.130476301549824
90.0900900900901,0.0901292027084985,0.11144629192838448,1.0583992960563346
90.2902902902903,0.029585545211981465,0.11025348273250636,1.0855028175741235
90.4904904904905,0.10803821797092693,0.06429197320661656,1.0216220538593823
90.6906906906907,0.06379593812677202,0.023815195262186596,1.0266907082237804
90.8908908908909,0.07004189730989677,0.04596917679518156,1.108576771575168
91.0910910910911,0.032071253657262655,0.0976464297781898,1.07463036365295
91.2912912912913,0.08062661130652365,0.06435965209794138,1.0945518432424095
91.4914914914915,0.0832640782677557,0.067275162251838,1.1241909261938656
91.6916916916917,0.0331341985717257,0.09840820658321234,1.1233652914725234
91.8918918918919,0.02702047800307816,0.054458300916755936,1.1308746284138558
92.0920920920921,0.04662534514932638,0.03837187261306162,1.0662455743204005
92.2922922922923,0.04021646310009268,0.031243495176727146,1.1031609401624056
92.4924924924925,0.026387665723636006,0.050660062272245864,1.0695029122337119
92.6926926926927,0.026106325004241974,0.09765139350402266,0.9877486020447924
92.8928928928929,0.04362706569081897,0.051881016870558766,1.0985205440640835
93.0930930930931,0.06768524266670763,0.12015464022962359,1.0310975873532455
93.2932932932933,0.041488250532554435,0.05768684923827578,1.1023859223547026
93.4934934934935,0.08120725855270539,0.07320544160774872,1.0772552556946038
93.6936936936937,0.06515241043268039,0.03429217437595614,1.0138764684256822
93.8938938938939,0.08764445492510622,0.08575223688717307,1.0849960612898615
94.0940940940941,0.0847940415208335,0.09249274089727358,1.0652178675028527
94.2942942942943,0.11240357989678262,0.0811783471403413,1.1316982898673258
94.4944944944945,0.10718973731810871,0.0269886779695512,1.071931325465654
94.6946946946947,0.07666279291753192,0.10798592057429075,1.0660731857930204
94.8948948948949,0.057546886200294356,0.10434889359629743,1.0874306937677571
95.0950950950951,0.08134908979830288,0.0702762609709758,0.9796432454608183
95.2952952952953,0.04888714388807857,0.026098516078072002,1.0286752294350283
95.4954954954955,0.03095130272505156,0.0484512204708923,1.0410232686024192
95.6956956956957,0.10845656058468597,0.07945956291993449,1.026231339094185
95.8958958958959,0.05616737871380034,0.019229122829001643,1.1003173916596165
96.0960960960961,0.07746946536942126,0.03892379127756843,0.9910274780735779
96.2962962962963,0.08732386942001272,0.049184697165580674,1.127004000022902
96.4964964964965,0.10500002819974287,0.04183107427203449,1.083871822333269
96.6966966966967,0.087473695256501,0.04941915917853257,1.1118774489435368
96.8968968968969,0.023925866668397595,0.11730578020202352,1.0846974779533107
97.0970970970971,0.03614215783785328,0.10684722055340007,1.0766090114037714
97.2972972972973,0.10984766513785932,0.03915566291601008,1.0927061768398059
97.4974974974975,0.07831234283783892,0.0828596402927639,1.0922818310090068
97.6976976976977,0.0679237916420048,0.05791381458970293,1.0093303871460204
97.8978978978979,0.06121862243127965,0.09857333743540014,1.1262079981891937
98.0980980980981,0.08029519609337095,0.09034234556920301,1.0608315111099458
98.2982982982983,0.08035825833948645,0.07519282691611948,0.9805444721951774
98.4984984984985,0.02627391821455094,0.0797605844079664,1.0261911507752541
98.6986986986987,0.10781362383591668,0.09071797191523542,0.9793244008219011
98.8988988988989,0.060420168243750814,0.09892366702771802,1.0653710635526428
99.0990990990991,0.06476391874017391,0.1112754642028917,1.006151356270143
99.2992992992993,0.07885072588546947,0.01784616287888601,1.0155207189508897
99.4994994994995,0.0648577568899655,0.1025434337716612,1.0170478608536235
99.6996996996997,0.0903388738323523,0.05592723017095344,1.1425914597524471
99.8998998998999,0.09996997250621271,0.042507898834656735,1.1051852169210148
100.10010010010011,0.04547113472086745,0.03895450580720734,1.1436387229182032
100.30030030030031,0.04686076964731045,0.05979553566978406,1.0162673528030732
100.50050050050051,0.020976631201837424,0.03820104804933866,1.0478730128133769
100.70070070070071,0.11451152789174365,0.10988235614122285,1.0104671790953716
100.90090090090091,0.06674974157002975,0.07753085994333841,1.0976830079180926
101.10110110110111,0.06669336474932311,0.0752580225691463,1.1376871888021214
101.30130130130131,0.09115490835891012,0.07819687544002689,1.0469372168135873
101.50150150150151,0.03937264937491092,0.10131872072368533,1.0731016968567557
101.70170170170171,0.09451303448247968,0.0483027677548645,1.1394068959030261
101.90190190190191,0.0770962600518657,0.10058720541953292,0.9988218886515986
102.10210210210211,0.08921484428912212,0.037899331516156015,1.1042655877234537
102.30230230230231,0.021818949863897055,0.09441429181730081,1.1442789013496062
102.50250250250251,0.0735965462190282,0.032727442044497075,1.07732242175845
102.70270270270271,0.09367930303757284,0.09568679193190824,1.0619048688014314
102.90290290290291,0.04475493611538344,0.030529449193612345,0.9774650011673612
103.10310310310311,0.07317920039932348,0.10464292189420887,1.1198664272265209
103.30330330330331,0.08802142048439683,0.05727967144867542,0.9862632527646915
103.50350350350351,0.09488476134238352,0.05556312414086066,1.1238761894382159
103.70370370370371,0.08086716398685445,0.08443929892686083,1.1334628643679072
103.90390390390391,0.1051926678382592,0.10621281035050537,1.0532134520062437
104.10410410410411,0.10429589371464561,0.08179777275209246,1.1268841770779097
104.30430430430431,0.08075845153904954,0.07352876503029827,1.1434784671901266
104.50450450450451,0.086994804040712,0.04493365459134082,1.0934514597804803
104.70470470470471,0.018428484321147943,0.034888880380503896,1.0264582529337352
104.90490490490491,0.09429692610149111,0.09171933382115693,1.078011638028167
105.10510510510511,0.07157287687156474,0.01895328845405246,1.138472406153847
105.30530530530531,0.05556299429107965,0.07200886125096645,1.1309252287316875
105.50550550550551,0.06469642078275159,0.05889470102588032,1.0050139891477865
105.70570570570571,0.08135241914018346,0.10219840894494871,1.0816430806554354
105.90590590590591,0.04645620950202339,0.08171099883914033,1.1322507039256873
106.10610610610611,0.09954325025053762,0.0319357646952507,1.1140124643539149
106.30630630630631,0.02072505540641017,0.04242732231208232,1.0829563329717062
106.50650650650651,0.04087244020376893,0.03392894541004224,0.9819996621532323
106.70670670670671,0.06858130234864307,0.03066773163494549,1.0930276584098446
106.90690690690691,0.017978357716698708,0.034570209530573826,1.0291695258692697
107.10710710710711,0.10175374279111543,0.054892309145859436,1.117411322233805
107.30730730730731,0.08599161682840135,0.10605368891621539,0.9925947871881015
107.50750750750751,0.0418119601879293,0.029731130796120227,1.004042823665253
107.70770770770771,0.0643978648355843,0.1087376348076375,1.0764761377938248
107.90790790790791,0.02967094308555554,0.08952730616640289,1.0284978649815313
108.10810810810811,0.04641792890769859,0.039987774226361725,1.0417808155808757
108.30830830830831,0.02180881257667621,0.10478242218517891,1.1374710260426621
108.50850850850851,0.10133720593076603,0.10665717445557894,0.997425264644525
108.70870870870871,0.061869274178737124,0.03906129934514482,1.110170927001012
108.90890890890891,0.09074533659769275,0.059115601693780134,1.1445031118071802
109.10910910910911,0.07452996349606285,0.05766257488615844,1.0257398414025636
109.30930930930931,0.03751763753175123,0.07843490585980772,0.9812213318545039
109.50950950950951,0.021234114872043037,0.10627030738020538,0.9982139589066146
109.70970970970971,0.10594187737393913,0.09685474852379629,1.1522893076382426
109.90990990990991,0.07122103988297276,0.06779569475926608,1.0628454685863382
110.11011011011011,0.06360937859179851,0.10391480751901506,1.0283614623255164
110.31031031031031,0.03496923329747133,0.07898378688103132,1.137130802333707
110.51051051051051,0.03157924282726154,0.09823082859482998,1.002167401998056
110.71071071071071,0.052448098416692,0.02304561507130562,1.018563318011728
110.91091091091091,0.08695475632088624,0.06599943824863287,0.9920517335781132
111.11111111111111,0.07075261976016839,0.08997135923232849,1.0713084201515812
111.31131131131131,0.08157566245352654,0.053685368587410666,1.1529159191190708
111.51151151151151,0.0559299925277134,0.049536249686731273,1.1528230860159345
111.71171171171171,0.04974257796310124,0.07370966775970424,1.0557401443914718
111.91191191191191,0.11548200950327753,0.033811304566494234,0.9977066972604797
112.11211211211211,0.0730326419186015,0.04947957809504557,1.11381118628362
112.31231231231232,0.10811450172568497,0.07473393550449278,1.0120317234869285
112.51251251251252,0.0654951554520122,0.04382413351716485,1.124897376022693
112.71271271271272,0.08558680215961098,0.08949487171036637,1.0450441581625345
112.91291291291292,0.05520012555372923,0.08627209595269202,1.1178739212618596
113.11311311311312,0.035784562337594084,0.10075590408239593,0.9931033264912346
113.31331331331332,0.06033846029566911,0.0933474907442087,1.1455993984632353
113.51351351351352,0.030654468472447557,0.10855467042029253,1.0692488812609033
113.71371371371372,0.024295028495519372,0.0823772457899565,1.1248096633699307
113.91391391391392,0.05663158136793746,0.0995082162066062,1.0669205578124727
114.11411411411412,0.09802414905123692,0.024650412934392414,1.0957351590931927
114.31431431431432,0.07180320568213579,0.10153612960700723,1.1150029785208893
114.51451451451452,0.0530751168370121,0.07050686635569399,1.0835549294963245
114.71471471471472,0.07324826954252232,0.027029290250063464,1.0170767925639104
114.91491491491492,0.11300689418894358,0.10304731986836083,1.1169882511775437
115.11511511511512,0.09051966030747387,0.10272898628192993,1.1326131823589294
115.31531531531532,0.023168819370932923,0.10119698671038138,1.0010990508448712
115.51551551551552,0.050591497499298047,0.10507011527135449,1.0389500883016576
115.71571571571572,0.06233910233873825,0.018316503908465988,1.0000027607413573
115.91591591591592,0.055041492038360104,0.09503152395959691,1.151974536818332
116.11611611611612,0.10017202124337621,0.062150066336085705,1.090598314719485
116.31631631631632,0.05043174014678074,0.029129743500476393,1.1272360462104472
116.51651651651652,0.07212939954972455,0.06045029684341466,1.003164386592792
116.71671671671672,0.01673138465000156,0.07664834234730929,1.1579171868582265
116.91691691691692,0.038353628861809666,0.010104637167902976,1.1421206190621591
117.11711711711712,0.06315708271408818,0.06308042790234342,1.050916934490949
117.31731731731732,0.0698176045095621,0.09976610464570337,1.0209184981767168
117.51751751751752,0.08837246075661284,0.03280826601145112,0.9932027067144147
117.71771771771772,0.07245343331879132,0.013710718800368914,1.0824141546210007
117.91791791791792,0.11158481543365247,0.0930210581090533,1.005437748378321
118.11811811811812,0.05791241637517134,0.09813329131712667,1.1359972563648446
118.31831831831832,0.07949223340796652,0.08918468554868932,1.0957367637341642
118.51851851851852,0.06325440457256731,0.020752558071580388,1.0172445137224104
118.71871871871872,0.05316641149215566,0.01514146575509105,1.153001474109459
118.91891891891892,0.10365517436389857,0.02781133078870981,1.0507749653621974
119.11911911911912,0.026257493959483645,0.042289835451006855,1.1121239619792038
119.31931931931932,0.033078485220119996,0.0385470513768612,1.0785777385534174
119.51951951951952,0.016021804762582324,0.028020684143408442,1.1304414248876669
119.71971971971973,0.04797002992033002,0.05969643739161708,1.1225327259193816
119.91991991991993,0.07515426320303861,0.06450779635549715,1.0537375973043084
120.12012012012013,0.034852658475252735,0.073427746049223,1.0216218409091982
120.32032032032033,0.09353501539900169,0.10134162652222711,0.9976313627467962
120.52052052052053,0.05049706088417254,0.055195471778634764,1.153867878023456
120.72072072072073,0.08562869863523065,0.09751282570296066,1.0927400629689803
120.92092092092093,0.10950428181583755,0.07917703912895276,1.038083514181132
121.12112112112113,0.0284637565555795,0.08557777311203138,1.079877621865363
121.32132132132134,0.042126294035425824,0.10127915216559985,1.1417239802711745
121.52152152152154,0.02332332609131917,0.06868630228660963,1.0905320534410015
121.72172172172174,0.10407692162441833,0.08871013383779117,0.9938645819867504
121.92192192192194,0.07268014372976174,0.047889538108667425,1.061879362998112
122.12212212212214,0.10098490555325798,0.01655017633978509,1.0439812859148232
122.32232232232234,0.031533682019229924,0.05806181618977409,1.144663486169165
122.52252252252254,0.06404142725944231,0.03804314330031555,1.059079087110329
122.72272272272274,0.046853227856554075,0.09977234842902193,0.9904475925399049
122.92292292292294,0.019575565059055902,0.036720197998959675,0.9807909051912956
123.12312312312314,0.086771691546119,0.07183474788014084,1.0965181752939923
123.32332332332334,0.11634874438420661,0.022604608443251538,1.1211564089092128
123.52352352352354,0.0410281945275319,0.007583951535118724,1.0117395673042777
123.72372372372374,0.09217344263290048,0.01823920454144628,1.107277262846763
123.92392392392394,0.025088668402890323,0.08862779597274341,1.1468584201940344
124.12412412412414,0.11516000219096822,0.08905433184185468,1.0484430925526695
124.32432432432434,0.031130440491478326,0.016612567867734566,0.9871117837495949
124.52452452452454,0.02324303794703749,0.09309066894404056,1.0308110784894189
124.72472472472474,0.06385489746581534,0.09333235733801545,1.1462083013412576
124.92492492492494,0.08378058412612008,0.09471993110093746,1.1160539354278338
125.12512512512514,0.10389708318299924,0.05310315940522655,1.12292615249059
125.32532532532534,0.03549203245067409,0.10089380594367713,0.9858428119032392
125.52552552552554,0.09392099935391844,0.104349886704729,1.0007167464673437
125.72572572572574,0.051559438298638,0.10047425481745993,1.114775011485973
125.92592592592594,0.046452290570941496,0.09438536469751671,1.0019799761512833
126.12612612612614,0.07352471774610149,0.01546104201149697,1.1393228706901073
126.32632632632634,0.054818247845523235,0.008868331446250637,0.9949856580978625
126.52652652652654,0.058854885824128,0.07058962902036155,0.9923511472695971
126.72672672672674,0.016321278460556886,0.07267990244538768,1.0790028436137094
126.92692692692694,0.1108216311644458,0.01364319296885648,1.0274251541133037
127.12712712712714,0.06327176113601055,0.06675351346213367,1.0011185936135616
127.32732732732734,0.11385604872716171,0.09041870308744678,1.1404527157981725
127.52752752752754,0.10419621783377385,0.06336996774208492,1.1600096547532646
127.72772772772774,0.09698558373014375,0.05989408452304493,1.050153558439517
127.92792792792794,0.07620056339547951,0.050449496263317045,1.0257544011690676
128.12812812812814,0.06166930743777187,0.08547178958621299,1.0506319326664395
128.32832832832833,0.05584658187032522,0.006096307571745355,1.102167088123099
128.52852852852854,0.09479324786005924,0.09500748212921102,0.994223330977336
128.72872872872873,0.11010886772333611,0.005526481856909539,1.0332305508035935
128.92892892892894,0.11428092120256976,0.012565548326509458,1.098321431838567
129.12912912912913,0.078481833970786,0.05077436216782526,1.0134256848382321
129.32932932932934,0.11561922962023,0.07535106858726963,1.1220997180361785
129.52952952952953,0.04311558389113228,0.026597179915852826,1.0430398649902841
129.72972972972974,0.08977977670106017,0.04220430555672831,1.040316563785973
129.92992992992993,0.09948138775145858,0.030842672230340467,1.0153568005101445
130.13013013013014,0.0971307584817343,0.02917506793143226,1.0104358800745923
130.33033033033033,0.10433655225563478,0.04996144609020812,1.0371902628448104
130.53053053053054,0.06821437432295985,0.028251413749709475,1.0217067300980225
130.73073073073073,0.019961158249017716,0.010597439334465846,1.0049599053007885
130.93093093093094,0.11580963033547699,0.053082435085146915,1.0475709586652915
131.13113113113113,0.049839893786988665,0.026003073312441023,1.1252149971349015
131.33133133133134,0.018185869052771263,0.012668635486473975,0.9978614679097546
131.53153153153153,0.09039961806475606,0.017591656610497653,1.1443992498442364
131.73173173173174,0.10976268780456991,0.0853891163775992,1.0782053689000861
131.93193193193193,0.052102651777595224,0.042429844852184734,1.1068330540216793
132.13213213213214,0.052414219665739586,0.07705365572061115,1.0298286920382091
132.33233233233233,0.07269568255062686,0.06961659293258984,1.081888455803125
132.53253253253254,0.05335684183831218,0.07470324599450624,1.1448600245125233
132.73273273273273,0.10965894828907852,0.040321945289462924,1.0120877111110034
132.93293293293294,0.05961654716619073,0.10248051402748075,1.0901239807644414
133.13313313313313,0.1113654389991109,0.024227955178517342,1.1074767805494348
133.33333333333334,0.029653084829307987,0.10290214825299254,1.1389760564916194
133.53353353353353,0.11266240016914639,0.06562212617153244,1.0423325630124223
133.73373373373374,0.06956023727345004,0.09754208859033887,1.0032129002721843
133.93393393393393,0.04437935976555722,0.04898765985977567,0.9815368482561083
134.13413413413414,0.08194958929852411,0.009335035610856697,1.0308238181745097
134.33433433433433,0.0680946936977052,0.021356191135241044,1.0787432424981578
134.53453453453454,0.04580940577751459,0.029835663455216287,1.1475272087945405
134.73473473473473,0.04374477597162744,0.09767040984502388,1.019164991693995
134.93493493493494,0.10691549324478763,0.06839974287594734,1.112596548940175
135.13513513513513,0.06363626251391037,0.037289383159550014,0.9829907592876977
135.33533533533534,0.08996046301379101,0.07858156102390636,1.09737110855856
135.53553553553553,0.03694457329527018,0.013572873674910812,1.0097994065212523
135.73573573573574,0.09339945287074908,0.1026366775053518,1.1438900401693974
135.93593593593593,0.08342507843853107,0.07763120341254254,0.9883920428233463
136.13613613613614,0.06446352659625978,0.02873687798729639,1.120437933919457
136.33633633633633,0.016019749212075825,0.027238231600117176,1.1077411515785875
136.53653653653654,0.025619115549398393,0.05326990875729076,1.1527802507533904
136.73673673673676,0.015805908213411473,0.034025097445328535,1.058461550226187
136.93693693693695,0.0660055452263576,0.033672410883327744,0.9898401168743253
137.13713713713716,0.04624193530376678,0.09931149380672565,1.11510461035307
137.33733733733735,0.07921233022214932,0.032054027928433156,1.1471109969917594
137.53753753753756,0.07699518284590301,0.06119945140460195,1.1509025147142504
137.73773773773775,0.06776688905619901,0.08530723779091158,0.9888343089553464
137.93793793793796,0.09156426986000549,0.039679101818763045,0.9900447336856316
138.13813813813815,0.03986304425665646,0.05385109413051075,1.123807178283661
138.33833833833836,0.09694737110548671,0.0684722065263521,1.0620074661146215
138.53853853853855,0.047226041471239516,0.09906374429114033,1.0080086136849784
138.73873873873876,0.041844069684068064,0.003054075461350233,1.0965875300508936
138.93893893893895,0.10148814649247503,0.05881949587848329,1.1313261340566259
139.13913913913916,0.030968697002959296,0.08490732822264288,1.154885099620628
139.33933933933935,0.03164405729447667,0.08175580269131794,1.0164198266197815
139.53953953953956,0.09545128986528388,0.0871316500432197,1.1234364583190952
139.73973973973975,0.03599506955481434,0.01131834312074892,1.1608131565549935
139.93993993993996,0.08286263514606505,0.014947883289757987,1.1037154582912323
140.14014014014015,0.10755607315193545,0.034109101077097144,1.033919138320441
140.34034034034036,0.07802059825231122,0.04561267610721523,1.0966107823955458
140.54054054054055,0.07351684878084544,0.03595972130745769,1.03691925159428
140.74074074074076,0.0581278191168669,0.05565887136045333,1.0833916162695758
140.94094094094095,0.0903370738900033,0.0495383071798596,1.1165422731229258
141.14114114114116,0.03341557827252125,0.021839990947245765,1.0103712357922179
141.34134134134135,0.070599871731316,0.06171561297503259,1.0211141348095318
141.54154154154156,0.04099516150958536,0.03749964805113692,1.0907568978147002
141.74174174174175,0.0671902689947236,0.04840869354541727,1.138248041927917
141.94194194194196,0.08517818673737627,0.08162215407901689,1.0066609938272193
142.14214214214215,0.1112496563608169,0.09377636565067712,1.0383154884976467
142.34234234234236,0.019728434551645593,0.0733434350170896,1.0346182236058892
142.54254254254255,0.06250577170156134,0.0557914703382092,1.1537351778070382
142.74274274274276,0.03278153107489436,0.030539203555215184,1.0242899300730262
142.94294294294295,0.07873745677324864,0.07379754771055524,1.0751043082899023
143.14314314314316,0.022882458851961968,0.03439319401396585,1.1468177698611637
143.34334334334335,0.0542819459552884,0.03506908720802674,1.0254272273058693
143.54354354354356,0.09883718250341009,0.06090872087071735,1.002045603683055
143.74374374374375,0.10115522468747616,0.07756190660435917,0.982427426447818
143.94394394394396,0.07918633173268685,0.04881382809876192,1.1418497218820587
144.14414414414415,0.02451762420674434,0.03846685982633565,1.0852658092503293
144.34434434434436,0.09062189846683325,0.09690280214692955,1.1368309737995541
144.54454454454455,0.02051830387061812,0.0913946756307611,1.0268031573986693
144.74474474474476,0.04072826348755187,0.10161861588600686,0.9907640720695001
144.94494494494495,0.06842616954345822,0.08531598070109668,1.138637034377653
145.14514514514516,0.07229222429425128,0.04737849349456777,1.084959997506978
145.34534534534535,0.06532750939539746,0.004121251005650434,1.0897636460159574
145.54554554554556,0.08190722858729538,0.046795667381981876,1.0512360223220178
145.74574574574575,0.016433765050994125,0.062347013050482535,1.1518716099969413
145.94594594594597,0.051495045311793844,0.03679408359854177,1.0947376627023817
146.14614614614615,0.062467124821582606,0.05705560898124948,1.0327958330026374
146.34634634634637,0.09639163480247095,0.005035716598341448,1.1612597238580527
146.54654654654655,0.07175353940670741,0.01678851068713193,1.0936429762748454
146.74674674674677,0.10647558722595475,0.08991524298188996,1.0923231829651807
146.94694694694695,0.043870545965256635,0.021165455672663546,1.0729543674298343
147.14714714714717,0.05459071731798709,0.07520799013887924,1.0457935446099098
147.34734734734735,0.10542001079323021,0.04899015302945565,1.0667829993197584
147.54754754754757,0.026436486799879234,0.03695867034250355,1.1426332969269342
147.74774774774775,0.03999855386653385,0.09320001706901185,1.0595641278617338
147.94794794794797,0.08436361069751566,0.07527896654836531,1.0685445256797674
148.14814814814815,0.0813712035166686,0.022737806529208884,1.10579011441875
148.34834834834837,0.08702710707921647,0.042567106188024686,1.1470126465255592
148.54854854854855,0.06307046133764663,0.01859151029656525,0.9910979534956252
148.74874874874877,0.08455148039933656,0.042305431160680855,1.1116964344940303
148.94894894894895,0.10306863129886912,0.08516504727701649,0.98593148552359
149.14914914914917,0.02825788593351858,0.06740511286451667,0.993526448581828
149.34934934934935,0.11568159886446029,0.08554731580386428,1.007585099117141
149.54954954954957,0.04491795801025023,0.012743415371119803,1.034803302098474
149.74974974974975,0.06130158461884962,0.014810066280685067,1.0445445200866492
149.94994994994997,0.07736260324306517,0.005143027566775792,1.0166191343766187
150.15015015015015,0.0954684799411473,0.026850258752263302,1.0268023509481696
150.35035035035037,0.05879145507320359,0.08266307540268429,1.0817665239696652
150.55055055055055,0.05083110525463938,0.041144935374850096,0.9972418981193383
150.75075075075077,0.09406006742826198,0.050076692349570184,1.0168426833153539
150.95095095095095,0.03441872875894228,0.03087467952565405,1.0102922153092857
151.15115115115117,0.10525110756831323,0.06874210625168573,1.1253444775648591
151.35135135135135,0.027688890488381343,0.09982042106946885,1.113693863911115
151.55155155155157,0.054232639095873086,0.09092250600697525,1.1067874075808062
151.75175175175175,0.11160731148267422,0.008786832231447095,1.0769962804831197
151.95195195195197,0.11302543125565867,0.08458697143446027,1.0120399321319018
152.15215215215215,0.09018486374040113,0.046613977831519555,1.0738552837155277
152.35235235235237,0.03980487909374699,0.06961437119832664,1.019939113213372
152.55255255255256,0.06276679819447893,0.08052266172227297,1.1173806524762233
152.75275275275277,0.04205279195693469,0.03048598302753409,1.0692996545802447
152.95295295295296,0.07040329873609724,0.06471492606881422,1.1546011389114428
153.15315315315317,0.0948057346906534,0.035306608779916225,1.0063246556763763
153.35335335335336,0.10546828225529153,0.018656857069697264,1.0180652631624136
153.55355355355357,0.10484866077606983,0.04078314029954742,1.1108991578117002
153.75375375375376,0.04189151175043718,0.033562139403109585,1.0415969924160102
153.95395395395397,0.08187908661968361,0.09143882743417601,1.1369285037627326
154.15415415415416,0.05948078325368142,0.07598095529330944,0.9873370988751333
154.35435435435437,0.1065094130527958,0.0937713863675567,1.1165107492494148
154.55455455455456,0.11600815650668252,0.0852028726188582,1.1595327474837247
154.75475475475477,0.017767921918528096,0.030177504621952126,1.053325229143319
154.95495495495496,0.04556967772124834,0.0935073154027317,1.0418268917838192
155.15515515515517,0.0416930692913954,0.006291135614948213,1.0880257945486633
155.35535535535536,0.06044437940351607,0.09530860583663862,1.0203616313269976
155.55555555555557,0.08463877882898584,0.059978456482524964,0.9947973427138329
155.75575575575576,0.08621543697115791,0.03245239976157823,1.1223924204729383
155.95595595595597,0.06797085302433059,0.02388392150069008,1.1060286534455448
156.15615615615616,0.06991296576615869,0.0608863685209925,1.0237400564463632
156.35635635635637,0.04765009197926954,0.0012531879958390794,1.0572960209183035
156.55655655655656,0.08504232562330842,0.026728658207039926,1.1051240605756814
156.75675675675677,0.07433997268572157,0.07009503432582385,1.0236182942992647
156.95695695695696,0.08080115367849021,0.06545671097622598,1.0952548810268927
157.15715715715717,0.06296548535737706,0.027659550324067483,1.1558535022744896
157.35735735735736,0.10077321800436292,0.025000467629810206,1.134955489789521
157.55755755755757,0.01673032114673229,0.003349290548387631,1.114437892396192
157.75775775775776,0.10068856314182342,0.025514788329444055,1.0843718906772561
157.95795795795797,0.05207039804830278,0.09261186197690212,1.1389706151238255
158.15815815815816,0.060536226441141656,0.045510352538144075,0.9864681376318658
158.35835835835837,0.08956987118052442,0.03995768273675929,1.019259139933781
158.55855855855856,0.028318747583473296,0.09776194054971925,1.1074250471044385
158.75875875875877,0.07919599652398587,0.02085817204513362,1.0333262419096885
158.95895895895896,0.11517559074905678,0.07311832077375019,1.1504648175817487
159.15915915915917,0.026390955936197377,0.03556715287650935,1.0023753025378028
159.35935935935936,0.03770210421431629,0.09085095044442286,1.071051861880781
159.55955955955957,0.06774414047997632,0.08006891734443741,1.076409237780317
159.75975975975976,0.09158604474881532,0.05430556555298301,1.0114452365560467
159.95995995995997,0.08309809989862177,0.06442192636293703,1.0122256666645613
160.16016016016016,0.051105990036947685,0.05585583707806322,0.9912043739597222
160.36036036036037,0.08343692024329875,0.054888634451477965,1.1567519247589741
160.56056056056056,0.09104451393298199,0.035522578380774654,1.0816915614922804
160.76076076076077,0.09359926818210873,0.04876613365845822,1.1316661921156579
160.96096096096096,0.11091283493717602,0.06630679948339648,1.1024318353041118
161.16116116116117,0.07597402581297566,0.016944827225147067,1.0309946931512144
161.36136136136136,0.0976876937617485,0.09881283772582983,0.9899237746583902
161.56156156156158,0.11348497002741137,0.03959407647601058,1.057152834472387
161.76176176176176,0.07912446735860804,0.009966993798703161,1.055864570881957
161.96196196196198,0.03446677814883641,0.06817407402138616,1.025510175494249
162.16216216216216,0.09354070427520403,0.04842294621540339,1.0584661565245639
162.36236236236238,0.08021334417225184,0.07784210288068631,1.0402223378816133
162.56256256256256,0.10866403558831939,0.00878607465447646,1.1600528038393172
162.76276276276278,0.08541585653965403,0.0907619558596461,1.0407795783561935
162.96296296296296,0.06235156897356166,0.06521799830198931,1.0864528172293713
163.16316316316318,0.02172957547537877,0.011077536280542904,1.0949496209516496
163.36336336336336,0.06764882781472925,0.03973175922826814,1.0995909883114567
163.56356356356358,0.03280544971847241,0.03297518110920824,1.0536998651573852
163.76376376376376,0.037121711855185736,0.03546174409298225,1.1038850296846399
163.96396396396398,0.087384890136312,0.02031973458752279,1.0035636848924414
164.16416416416416,0.10135727602198062,0.032334514828444065,1.0490994461097118
164.36436436436438,0.10330168113517402,0.08251193047998279,1.011881741388329
164.56456456456456,0.026157425778495336,0.02856358877896878,1.113117900344805
164.76476476476478,0.01970036480685098,0.012892064975250394,1.087680317605675
164.96496496496496,0.10345288276687536,0.08151125154452832,1.0711478319171226
165.16516516516518,0.09815354406234023,0.08155468236478303,1.1162419978032398
165.36536536536536,0.08277817891013713,0.0503828324173113,1.0000880560181973
165.56556556556558,0.0792016111719348,0.03439916848497037,1.1365231132024027
165.76576576576576,0.044426519279621074,0.06630865518663738,1.0401633656359397
165.96596596596598,0.06869763199518591,0.040782931724498685,1.0092214014796033
166.16616616616616,0.08088545278775734,0.019807216211692506,1.1389611794409662
166.36636636636638,0.09984237613421623,0.017124632325452603,1.0208677525456138
166.56656656656656,0.03188372345320123,0.04723662200942669,1.071193459369619
166.76676676676678,0.07891123582464084,0.03745844281702941,1.0972498453173958
166.96696696696696,0.03456138412905667,0.10007716333992528,1.1459555003187973
167.16716716716718,0.039096864229165085,0.09070863795489566,1.0077126864044856
167.36736736736736,0.06091854857198896,0.034267564697760135,1.0434016827161763
167.56756756756758,0.04230586361454577,0.08790225516947672,1.1201480023848223
167.76776776776777,0.04944672216635605,0.05768179588117183,1.031143252922047
167.96796796796798,0.03851211022672732,0.03999713816701006,1.0249882521974452
168.16816816816817,0.09437996377560497,0.05013061048858732,1.1536860063842485
168.36836836836838,0.09826329420544473,0.04120578369021031,1.0669191329355088
168.56856856856857,0.022292789240467473,0.06113243339477901,1.099372407430073
168.76876876876878,0.015695592720074307,0.06546528266745585,1.0669607817579403
168.96896896896897,0.025697191780414633,0.012649136347378437,1.0828530951177355
169.16916916916918,0.09221870688148713,0.014710898078851953,1.014745792639043
169.36936936936937,0.11160922505612995,0.058784612203597465,1.150821204491878
169.56956956956958,0.06943947774768411,0.08359440610316608,1.150337294055433
169.76976976976977,0.07116177917127363,0.08313840870521937,1.0777752581259168
169.96996996996998,0.08130113739989732,0.009654975025033345,1.046461721753823
170.17017017017017,0.08812688656082783,0.09615642343627219,1.1248895813235256
170.37037037037038,0.06059008085898884,0.004498988301340382,1.0268933021207802
170.57057057057057,0.10246715438864176,0.04851713974696571,1.0636417491636274
170.77077077077078,0.03657583833515628,0.07533301458455091,1.1441608250876973
170.970970970971,0.10450781914254983,0.08021779147135236,0.9933876572213274
171.17117117117118,0.09517438225070575,0.05151799380176856,1.1467391370490363
171.3713713713714,0.09591151939154291,0.017522078062630505,1.064827112444734
171.57157157157158,0.09941449982868777,0.09478727570542224,1.12927949972994
171.7717717717718,0.09945346892950035,0.013168952899837123,1.0758190886755348
171.97197197197198,0.09664606440015891,0.08030734258993039,1.1401731911461308
172.1721721721722,0.08342790889240158,0.09695951168960723,1.0819802188049514
172.37237237237238,0.044962412331368405,0.01114559120220854,1.1068107430606782
172.5725725725726,0.02629073508170863,0.039350733684816924,0.9980148032784263
172.77277277277278,0.10366472490589733,0.08075125490177319,1.0374083513466474
172.972972972973,0.0768946543636026,0.09979951426152027,1.0245145136870573
173.17317317317318,0.032460596140913976,0.09654947339562191,1.0983760603495838
173.3733733733734,0.05645258160702443,0.06894796850883128,1.087955489316927
173.57357357357358,0.033783100119178414,0.041830960076970805,1.1067515736003462
173.7737737737738,0.10508375865602249,0.06185961920004897,1.010838184161885
173.97397397397398,0.10180088749339702,0.09544690048577352,1.0704544726868734
174.1741741741742,0.05162105643289859,0.07493951049237722,1.120398355084969
174.37437437437438,0.056199513036545024,0.08692985213998734,1.0947557365705718
174.5745745745746,0.10872043560623652,0.08809218880101218,1.1328401929690735
174.77477477477478,0.07449442146937171,0.07487324332689617,1.0371743138770269
174.974974974975,0.10328026607671141,0.09995031483562906,1.0533900680122232
175.17517517517518,0.09682615885827524,0.004388690999586843,0.9884194916781468
175.3753753753754,0.09949022250840535,0.07847152401814825,0.9864016670631103
175.57557557557558,0.09902673150165062,0.04875558113945661,1.0265380499911234
175.7757757757758,0.05223311101431524,0.02996103696209261,1.156079758840929
175.97597597597598,0.06508579887388417,0.0793655847208526,0.9914810526896876
176.1761761761762,0.0651775788560225,0.04447602922631383,1.0119713946263595
176.37637637637638,0.07857824862349144,0.06344786075341707,1.1449181283996333
176.5765765765766,0.07460936770231114,0.05410371798733761,1.0203082041349127
176.77677677677679,0.10322210368819613,0.0596991727755463,1.1107368925753682
176.976976976977,0.05236723848623451,0.028054694045872235,1.1651130699435475
177.17717717717719,0.058931039325735436,0.022007628153409627,1.119984999381476
177.3773773773774,0.11379890684155328,0.0779051374703044,1.1559658768811232
177.57757757757759,0.10464697734060696,0.03299291369383102,0.9928455932685405
177.7777777777778,0.07948056503487654,0.07478742565390625,1.0098833261855613
177.977977977978,0.08963960605864987,0.09189433054556613,1.0588393430326788
178.1781781781782,0.06244143677511528,0.08063356277612282,1.1571692284803583
178.3783783783784,0.060641620552733824,0.07207405767889122,1.0276141979065099
178.5785785785786,0.07509662281783441,0.06103023100088244,1.055623759910328
178.7787787787788,0.03186323057411902,0.05951819429839974,1.0105661364812466
178.978978978979,0.06482834466144613,0.08571629100566018,0.9960997087313279
179.1791791791792,0.07549646557383047,0.087530989743369,1.1031882459156872
179.3793793793794,0.0811601550487256,0.08981444983577375,1.0806741554785435
179.5795795795796,0.02041064994757682,0.07607797746892793,1.0037280925528405
179.7797797797798,0.10140092768705161,0.04328236990816592,1.0458277876209279
179.97997997998,0.10999577622617014,0.07891213007298827,1.0601592885937348
180.1801801801802,0.10039366785945916,0.08194011535020736,1.0357752237760571
180.3803803803804,0.10867470758010196,0.09461761596929173,1.0840736116905034
180.5805805805806,0.0796372972770556,0.029957745692440692,1.0124990167756853
180.7807807807808,0.023664922394755594,0.0815885226411372,1.0480330505530244
180.980980980981,0.04689517488059752,0.04118908102827993,1.1112001267918992
181.1811811811812,0.06652487612391293,0.04128211690937496,1.142867511907557
181.3813813813814,0.022583086488589706,0.08815197219535252,0.9917645929623169
181.5815815815816,0.09006561143308378,0.005822789652589701,1.1512282113108645
181.7817817817818,0.015793378997093262,0.005830080415952055,1.015959117369222
181.981981981982,0.06218728535398159,0.004897959850430687,1.0133165376226771
182.1821821821822,0.04361462969758336,0.0819634315338813,1.0217915158530388
182.3823823823824,0.0794190736845873,0.03611040695477738,0.9882372879203543
182.5825825825826,0.056257230359417446,0.08136765386135394,0.9928544214258487
182.7827827827828,0.10471586818094311,0.060442683910398254,1.109103823731456
182.982982982983,0.07731340832450183,0.06668729229740906,1.1472721747404118
183.1831831831832,0.030886282544179775,0.008611987722860858,1.1639966252817089
183.3833833833834,0.06703042802794766,0.0776705775174315,1.0711444347033174
183.5835835835836,0.09261311712072783,0.00964386025493825,1.047540971811229
183.7837837837838,0.03261091385808212,0.029836630356960398,1.1199687114837296
183.983983983984,0.10651535749610691,0.015847344187649368,1.1260992549459619
184.1841841841842,0.03538439702516163,0.007590826896543474,1.0044854564859864
184.3843843843844,0.03339068308989036,0.06586938175676935,1.1276351691370359
184.5845845845846,0.061255297674124805,0.05152754493637904,0.9937769735569726
184.7847847847848,0.0818295860076331,0.09242845460810516,1.0143830603919568
184.984984984985,0.04122834919610663,0.05603777615367453,1.1606350832011882
185.1851851851852,0.06604054665615743,0.03782504784582342,1.0208759396102967
185.3853853853854,0.03677833093668488,0.06319620858611373,1.1074951897869114
185.5855855855856,0.029284899991037998,0.0888978380348695,1.1379766366477304
185.7857857857858,0.06944771214918011,0.009563354817113838,1.1112520551536338
185.985985985986,0.06466201004638066,0.08426949817873072,1.1256092928774026
186.1861861861862,0.023218949093085788,0.025193851357760203,0.9999041566574032
186.3863863863864,0.08709332847863216,0.030834401688357094,1.0476936041824978
186.5865865865866,0.05488016938837542,0.03693306710436222,1.0571206636438493
186.7867867867868,0.060365864865811344,0.014823863372415385,1.1086582782567347
186.986986986987,0.019740228442653694,0.01442431085583607,1.0080704009474974
187.1871871871872,0.11164470369052637,0.08139899956840403,0.985752095386571
187.3873873873874,0.1095805181110455,0.064891395806873,1.00099772331611
187.5875875875876,0.081747210408052,0.09968716714205095,0.9884116750142008
187.7877877877878,0.08786342308633445,0.00858498346672855,1.0394861056482871
187.987987987988,0.10984387674145964,0.07447815356440317,0.9989169536139755
188.1881881881882,0.10888797541729074,0.05813108094644981,1.04533372530853
188.3883883883884,0.07808186804681279,0.04867867302097669,1.1608451422213513
188.5885885885886,0.05962255711849134,0.0023404526323483835,1.0775591689447128
188.7887887887888,0.0636867661012815,0.03408637273813789,1.0009076120922786
188.988988988989,0.052381379320488385,0.020855232011589977,1.1261434943057598
189.1891891891892,0.019868136638345642,0.03937439273261797,1.1643138377523077
189.3893893893894,0.0626751140507763,0.03430270095449828,1.1549224923978452
189.5895895895896,0.0569234730545348,0.07777263548053354,0.9944075871425562
189.7897897897898,0.09628650977322259,0.057122691034028866,1.1113814652957446
189.98998998999,0.04303031598032733,0.009897068931868985,1.0725653281777805
190.1901901901902,0.015964325350157352,0.08042909830341935,1.0074248228260183
190.3903903903904,0.10365671069644006,0.010284053115611543,1.0365581291108967
190.5905905905906,0.029905498176959037,0.06329785806040462,1.0968886879958872
190.7907907907908,0.0378133230416575,0.026387742135668794,1.0411938637130884
190.990990990991,0.03913624966389175,0.09506184712818308,1.1134590835300762
191.1911911911912,0.030521450863916454,0.055021132546067865,1.0199851210512647
191.3913913913914,0.10899843660623254,0.05757472374011182,1.1421685728551143
191.5915915915916,0.08159736006333056,0.01216634069930312,1.0791252579453818
191.7917917917918,0.06025360465656619,0.09579748555737115,1.0447631842599392
191.991991991992,0.07714290506189836,0.04504784268892171,1.0438285074825042
192.1921921921922,0.0391508086896045,0.029370629891144952,1.0088974222813991
192.3923923923924,0.11291344656499995,0.04181476249840777,0.9897783147249477
192.5925925925926,0.06547337453649726,0.05301317686067977,1.0950574518463942
192.7927927927928,0.02160069345165289,0.014992389660002511,1.0560581734373027
192.992992992993,0.07833583621358736,0.034649842161499994,1.1574973668435788
193.1931931931932,0.017738702224380884,0.040410226987440685,1.0900348738152423
193.3933933933934,0.04453471887538745,0.09568951559207772,1.0740159090113692
193.5935935935936,0.04676123952360196,0.07240181541012945,0.9930288079641619
193.7937937937938,0.05686919537717949,0.08701465332820973,1.1451409863742046
193.993993993994,0.021659902603189028,0.04204130295154361,1.0753507513255474
194.1941941941942,0.10123675574287104,0.024789608549977464,1.1231633159810768
194.3943943943944,0.07611099900482467,0.012504931758410295,1.147604495699456
194.5945945945946,0.051414273007486674,0.09462201987928492,1.0596584744605648
194.7947947947948,0.0850170125696199,0.0007274261372610192,0.9880459919194173
194.994994994995,0.01769926665970317,0.08380196403822406,1.1149360727066027
195.1951951951952,0.06283150226373817,0.09558569468342525,1.0027073378990403
195.3953953953954,0.033423362933290464,0.018057528922567234,1.122890643181396
195.5955955955956,0.059469154867322335,0.04805816249877507,0.9843998067201669
195.7957957957958,0.05139916101783661,0.07576560645543173,1.0008511544701644
195.995995995996,0.1112867693791074,0.03485166386433062,1.0906247405372638
196.1961961961962,0.09823612152371344,0.03983396585132914,1.0838662938308457
196.3963963963964,0.07952703354257527,0.0260477448709198,1.0033223990983902
196.5965965965966,0.05834951819293521,0.09100062516037863,1.0269192517867773
196.7967967967968,0.07965374093799583,0.04579384739045615,1.1111607808493986
196.996996996997,0.08828656257804451,0.00516731937412649,1.0943457178921785
197.1971971971972,0.03409935061755266,0.05655201443754122,1.0577479378983472
197.3973973973974,0.05635100831086663,0.09982617188271915,1.0739752032799215
197.5975975975976,0.09873215150054315,0.04838338078661647,1.1300716406879103
197.7977977977978,0.11256838675702457,0.0732210449794075,1.127655922522825
197.997997997998,0.061484388651960424,0.09162959881508405,1.010485127924416
198.1981981981982,0.03505139854548403,0.05109487558910934,1.0123749387531098
198.3983983983984,0.08352830639453561,0.08237004515219924,1.097001767187509
198.5985985985986,0.09261074522271165,0.06567947902957139,1.1267868046097458
198.7987987987988,0.09166132150466098,0.07971786943853344,1.086028963561984
198.998998998999,0.0747621507157916,0.08128421075253492,1.1640702456503609
199.1991991991992,0.08459509037725868,0.08680245445685954,1.135620208017967
199.3993993993994,0.047030790864686645,0.09268334602467335,1.0783533458115937
199.5995995995996,0.10370288168074329,0.08607978337490153,1.0833676362108278
199.7997997997998,0.07312586205750973,0.07154490412149737,1.0343069509849308
200.0,0.10156062515273137,0.04750156763250402,1.038732680963202
