0.0,0.5,0.5,0.0
0.5005005005005005,0.4384977236787098,0.5483769328388742,0.013125343482415834
1.001001001001001,0.3801265040751144,0.5924631010729772,0.02741039485190847
1.5015015015015016,0.32612437439133396,0.6311426999421887,0.04273292566647736
2.002002002002002,0.2773069800105092,0.6637447223405211,0.0589482976489698
2.5025025025025025,0.23406571378468363,0.6900336693196109,0.07590061689570546
3.0030030030030033,0.19642470264042142,0.7101424089788759,0.09343288838070268
3.503503503503504,0.16412979002210137,0.7244751580519012,0.11139505192599744
4.004004004004004,0.13674434408169253,0.7336061625336066,0.12964949338470086
4.504504504504505,0.11373446358203866,0.7381913814516479,0.14807415496631351
5.005005005005005,0.09453509290616945,0.7389012154057564,0.1665636916880742
5.505505505505506,0.07859560979061993,0.7363751681542596,0.18502922205512057
6.0060060060060065,0.06540745623133512,0.7311953546614616,0.20339718910720334
6.506506506506507,0.05451798264853119,0.7238742728971945,0.22160774445427434
7.007007007007008,0.04553486773116793,0.7148521706091988,0.2396129616596333
7.507507507507508,0.0381245093984018,0.7045004335709485,0.2573750570306497
8.008008008008009,0.032007187116216196,0.6931280678842222,0.27486474499956165
8.508508508508509,0.026950724117379383,0.6809895027938204,0.29205977308880027
9.00900900900901,0.022763792928470333,0.6682925504947782,0.30894365657675155
9.50950950950951,0.019289515128097536,0.6552058781516836,0.32550460672021897
10.01001001001001,0.016399672403877914,0.6418656912948031,0.3417346363013193
10.510510510510512,0.013989673968736897,0.6283815044258296,0.3576288216054338
11.011011011011012,0.011974276478712614,0.6148410260523366,0.3731846974689512
11.511511511511513,0.010284007791006328,0.6013142283121634,0.38840176389683073
12.012012012012013,0.008862215877690482,0.5878566983618042,0.40328108576050575
12.512512512512513,0.0076626510734916315,0.5745123808124857,0.41782496811402303
13.013013013013014,0.006647499734334973,0.5613158064094649,0.43203669385620047
13.513513513513514,0.005785788906323121,0.5482938998127632,0.44592031128091403
14.014014014014016,0.005052096352580139,0.5354674407507217,0.4594804628966986
14.514514514514516,0.0044255098805537916,0.5228522431459901,0.4727222469734566
15.015015015015017,0.0038887858586797133,0.5104601086169622,0.4856511055243585
15.515515515515517,0.0034276702219065776,0.49829959591383494,0.49827273386425897
16.016016016016017,0.003030350077715276,0.4863766423950436,0.5105930075272416
16.516516516516518,0.0026870100126932,0.4746950668157925,0.5226179231715148
17.017017017017018,0.002389472975390275,0.4632569761682985,0.5343535508563116
17.51751751751752,0.002130908622144309,0.45206309590564125,0.5458059954722148
18.01801801801802,0.0019055965511182325,0.4411130377878175,0.5569813656610647
18.51851851851852,0.001708731654519476,0.4304055197782123,0.5678857485672687
19.01901901901902,0.0015362694240606423,0.4199385404559723,0.5785251901199675
19.51951951951952,0.001384795274222829,0.4097095260279289,0.5889056786978487
20.02002002002002,0.001251418736363214,0.3997154489573088,0.5990331323063285
20.520520520520524,0.001133687258617842,0.3899529241958289,0.6089133885455538
21.021021021021024,0.0010295145435360747,0.3804182887449915,0.618552196711473
21.521521521521525,0.0009371212018752604,0.3711076671527437,0.6279552116453816
22.022022022022025,0.0008549858242443781,0.36201702510440703,0.6371279890713492
22.522522522522525,0.0007818047311031011,0.3531422129934627,0.6460759822754348
23.023023023023026,0.0007164579148745593,0.34447900244847773,0.6548045396366483
23.523523523523526,0.0006579811187077036,0.33602311581764976,0.6633189030636433
24.024024024024026,0.000605542097134931,0.3277702508490729,0.6716242070537929
24.524524524524526,0.0005584201098774524,0.3197161016664267,0.6797254782236966
25.025025025025027,0.0005159914930937333,0.311856372780274,0.687627635726633
25.525525525525527,0.0004777134976178489,0.3041867951075421,0.6953354913948407
26.026026026026027,0.00044311437962085535,0.2967031348471415,0.7028537507732383
26.526526526526528,0.0004117822919497687,0.28940120373814293,0.7101870139699079
27.027027027027028,0.0003833570055711947,0.28227686611796204,0.7173397768764674
27.52752752752753,0.00035752299939465523,0.2753260443846779,0.7243164326159282
28.028028028028032,0.000334003323305279,0.26854472361638626,0.731121273060309
28.528528528528533,0.0003125543522490044,0.26192895522914605,0.7377584904186055
29.029029029029033,0.0002929615201350629,0.2554748595146966,0.7442321789651689
29.529529529529533,0.0002750352806523392,0.2491786279716549,0.7505463367476933
30.030030030030034,0.0002586080634026145,0.24303652452005772,0.7567048674165403
30.530530530530534,0.00024353081554651841,0.2370448872214223,0.7627115819630318
31.031031031031034,0.00022967204437713531,0.23120012717107297,0.7685702007845506
31.531531531531535,0.00021691591989664636,0.2254987285119196,0.7742843555681844
32.032032032032035,0.00020515691575904863,0.2199372525112543,0.7798575905729873
32.532532532532535,0.00019430206739414561,0.21451233283710508,0.7852933650955014
33.033033033033036,0.00018426906307447095,0.20922067571353814,0.7905950552233881
33.533533533533536,0.00017498258766051526,0.2040590621353907,0.7957659552769495
34.034034034034036,0.00016637611975151798,0.19902434382056466,0.8008092800596845
34.53453453453454,0.00015839026787817036,0.1941134431977244,0.8057281665343982
35.03503503503504,0.00015097064905052432,0.18932335395396024,0.8105256753969899
35.53553553553554,0.00014406903124227887,0.18465113787614515,0.8152047930926133
36.03603603603604,0.00013764200203381658,0.1800939245923729,0.819768433405594
36.53653653653654,0.00013164977447851502,0.1756489112134013,0.8242194390121209
37.03703703703704,0.00012605683688287055,0.17131335983473764,0.8285605833283802
37.53753753753754,0.00012083099744979807,0.1670845969408219,0.832794572061729
38.03803803803804,0.00011594283003144662,0.16296001237595029,0.8369240447940189
38.53853853853854,0.00011136587153970784,0.15893705751921602,0.840951576609245
39.03903903903904,0.00010707612255921662,0.15501324439481093,0.8448796794826305
39.53953953953954,0.00010305142230416404,0.15118614459976812,0.8487108039779284
40.04004004004004,9.927187780301466e-05,0.14745338756596052,0.8524473405562372
40.54054054054055,9.571909710224557e-05,0.14381265983985084,0.8560916210630476
41.04104104104105,9.237630892422272e-05,0.1402617035469732,0.8596459201441033
41.54154154154155,8.922846871920721e-05,0.13679831487114377,0.8631124566601378
42.04204204204205,8.626201934292079e-05,0.13342034293252322,0.8664933950481345
42.54254254254255,8.346399004780556e-05,0.1301256897118065,0.8697908462981464
43.04304304304305,8.082253819367842e-05,0.12691230779691684,0.8730068696648902
43.54354354354355,7.832688152952963e-05,0.1237781990495111,0.8761434740689601
44.04404404404405,7.596707770707703e-05,0.12072141373111409,0.8792026191911796
44.54454454454455,7.373414994497005e-05,0.11774005025873932,0.8821862155913165
45.04504504504505,7.161970800863801e-05,0.11483225297059735,0.8850961273213948
45.54554554554555,6.961588333877417e-05,0.11199621113045585,0.8879341729862061
46.04604604604605,6.771540111690023e-05,0.10923015815673373,0.8907021264421501
46.54654654654655,6.591190325973522e-05,0.10653237129507749,0.8934017168016635
47.04704704704705,6.419928835567648e-05,0.103901169371036,0.896034631340609
47.54754754754755,6.257181198323062e-05,0.10133491202775319,0.8986025161602643
48.04804804804805,6.102420092035958e-05,0.09883199922747868,0.9011069765716015
48.54854854854855,5.95517505129743e-05,0.09639087072433422,0.9035495775251534
49.04904904904905,5.814993656282785e-05,0.09401000390423495,0.9059318461592029
49.54954954954955,5.6814495666181536e-05,0.09168791320088898,0.9082552723034455
50.050050050050054,5.5541550991324495e-05,0.08942314990431911,0.9105213085446902
50.550550550550554,5.432756366310466e-05,0.08721430114433652,0.912731371292001
51.051051051051054,5.31691447056573e-05,0.08505998821187173,0.9148868426434232
51.551551551551555,5.206310113780011e-05,0.08295886600764439,0.9169890708912184
52.052052052052055,5.100657914517101e-05,0.08090962341492047,0.9190393700059349
52.552552552552555,4.9996899148742766e-05,0.07891098137485926,0.9210390217259926
53.053053053053056,4.9031480309217324e-05,0.07696169162874947,0.9229892768909419
53.553553553553556,4.810786299352029e-05,0.0750605361907109,0.9248913559462961
54.054054054054056,4.722369735113937e-05,0.07320632659877586,0.9267464497038735
54.55455455455456,4.637700323803606e-05,0.0713979057384361,0.9285557172583264
55.05505505505506,4.556589142152493e-05,0.06963414455895371,0.9303202895496253
55.55555555555556,4.478851378914857e-05,0.06791394096070623,0.9320412705255052
56.056056056056065,4.4043111952790623e-05,0.06623621961535137,0.9337197372726964
56.556556556556565,4.332801335189433e-05,0.06459993136117531,0.9353567406254734
57.057057057057065,4.264176650530951e-05,0.06300405474093912,0.9369533034925561
57.557557557557566,4.198297326212495e-05,0.06144759287436008,0.9385104241523784
58.058058058058066,4.135028063436916e-05,0.05992957278770594,0.9400290769316603
58.558558558558566,4.074239791527252e-05,0.058449045132715774,0.9415102124693695
59.05905905905907,4.015809793760759e-05,0.05700508373153956,0.9429547581705234
59.55955955955957,3.9596308324870984e-05,0.055596787034632014,0.9443636166570437
60.06006006006007,3.905598698788762e-05,0.05422327499240796,0.9457376690206047
60.56056056056057,3.8536128903861514e-05,0.05288368871753437,0.9470777751535624
61.06106106106107,3.8035774317363806e-05,0.05157719017744793,0.9483847740482353
61.56156156156157,3.7554011951831655e-05,0.05030296187714069,0.9496594841109081
62.06206206206207,3.709003382809738e-05,0.04906020812564921,0.9509027018405233
62.56256256256257,3.664305205917103e-05,0.04784815206690582,0.9521152048810356
63.06306306306307,3.621230930608962e-05,0.04666603558483709,0.9532977521058574
63.56356356356357,3.5797081522295245e-05,0.04551311897181457,0.9544510839466637
64.06406406406407,3.539668460587675e-05,0.0443886808561871,0.9555759224592076
64.56456456456458,3.501049320513832e-05,0.04329201865205766,0.9566729708547378
65.06506506506507,3.463791105754614e-05,0.042222446926385604,0.9577429151625575
65.56556556556558,3.427835815978404e-05,0.041179296489343716,0.9587864251524971
66.06606606606607,3.393128000467372e-05,0.04016191443291777,0.9598041542870782
66.56656656656658,3.3596151212684973e-05,0.039169664042950525,0.9607967398058374
67.06706706706707,3.327249431236501e-05,0.038201925591954095,0.9617648019137341
67.56756756756758,3.295984178009482e-05,0.037258093811017176,0.9627089463472033
68.06806806806807,3.26577461543787e-05,0.03633757816685721,0.963629764086989
68.56856856856858,3.236578079117152e-05,0.03543980258724768,0.9645278316319618
69.06906906906907,3.2083539290151264e-05,0.034564205104139,0.9654037113565714
69.56956956956958,3.181063440392469e-05,0.03371023760539503,0.9662579517602017
70.07007007007007,3.1546693746369304e-05,0.03287736595406487,0.9670910873521894
70.57057057057058,3.1291366552916915e-05,0.03206506910015281,0.9679036395332948
71.07107107107107,3.104432291811897e-05,0.03127283897687352,0.9686961167002089
71.57157157157158,3.080525448354341e-05,0.030500180315718495,0.9694690144297986
72.07207207207207,3.0573876017526775e-05,0.029746610434213682,0.9702228156897694
72.57257257257258,3.0349920032883524e-05,0.02901165874495649,0.9709579913350113
73.07307307307308,3.013308046013718e-05,0.028294864191676785,0.9716750027278637
73.57357357357358,2.9923084076035282e-05,0.02759577790234877,0.9723742990135757
74.07407407407408,2.9719679781458447e-05,0.02691396249627791,0.9730563178239412
74.57457457457458,2.9522629831996507e-05,0.02624899147614148,0.9737214858940272
75.07507507507508,2.9331710124827787e-05,0.025600448994775107,0.9743702192951007
75.57557557557558,2.9146709016914077e-05,0.02496792957178362,0.9750029237192002
76.07607607607608,2.8967405750271583e-05,0.024351037039930395,0.97561999555432
76.57657657657658,2.8793593406674978e-05,0.02374938519152865,0.9762218212150653
77.07707707707708,2.8625078494389866e-05,0.023162597541413962,0.9768087773800923
77.57757757757759,2.8461676188926592e-05,0.022590306930263232,0.9773812313935485
78.07807807807808,2.8303210171332787e-05,0.022032155308551626,0.9779395414812777
78.57857857857859,2.8149512308377047e-05,0.021487793517378787,0.9784840569703134
79.07907907907908,2.800041678900181e-05,0.020956880791661265,0.9790151187915502
79.57957957957959,2.785576491120395e-05,0.02043908481110208,0.9795330594239873
80.08008008008008,2.7715406057916412e-05,0.01993408156184336,0.9800382030320993
80.58058058058059,2.7579195889709382e-05,0.01944155506118912,0.9805308657429217
81.0810810810811,2.7446996179854828e-05,0.018961197170967278,0.9810113558328534
81.58158158158159,2.73186746472515e-05,0.01849270741380192,0.9814799739115514
82.0820820820821,2.7194102173819987e-05,0.01803579252772565,0.9819370133701011
82.58258258258259,2.7073154337103325e-05,0.017590166460774898,0.9823827603848886
83.0830830830831,2.6955712558272276e-05,0.01715555032977696,0.9828174939576653
83.58358358358359,2.684166293337065e-05,0.016731672147723746,0.9832414861893435
84.0840840840841,2.6730896101229423e-05,0.016318266659220877,0.9836550024446784
84.58458458458459,2.6623307132691816e-05,0.01591507518129186,0.984058301511576
85.0850850850851,2.6518794050906204e-05,0.0155218453522386,0.9844516358537111
85.58558558558559,2.6417258148950073e-05,0.015138331010154502,0.9848352517316972
86.0860860860861,2.631860513215186e-05,0.014764292133018657,0.9852093892618498
86.58658658658659,2.6222744262912985e-05,0.014399494642855346,0.9855742826128823
87.0870870870871,2.6129588261633277e-05,0.014043710266673882,0.9859301601450651
87.58758758758759,2.603905322385318e-05,0.01369671640240697,0.9862772445443697
88.0880880880881,2.59510572601948e-05,0.013358295798854246,0.9866157531438862
88.58858858858859,2.5865520541997826e-05,0.013028236445802116,0.9869458980336564
89.0890890890891,2.5782367278050304e-05,0.012706331751902888,0.9872678858808196
89.5895895895896,2.5701524512898348e-05,0.012392380255815147,0.9875819182196726
90.0900900900901,2.5622922077118852e-05,0.012086185510052668,0.9878881915678708
90.5905905905906,2.5546492555059598e-05,0.011787555970016515,0.9881868975374289
91.0910910910911,2.5472171266536563e-05,0.011496304887691678,0.9884782229410424
91.5915915915916,2.5399896262488452e-05,0.011212250210008563,0.9887623498937295
92.0920920920921,2.532960796890455e-05,0.010935214421017626,0.9890394559710141
92.5925925925926,2.526124426005604e-05,0.010665023625822532,0.9893097151299179
93.0930930930931,2.5194746635508922e-05,0.010401508484572882,0.9895732967687921
93.5935935935936,2.5130059807389413e-05,0.010144504052236561,0.9898303658879566
94.0940940940941,2.5067130437625255e-05,0.00989384947926644,0.9900810833902964
94.5945945945946,2.5005907104926304e-05,0.009649387919243276,0.9903256061736524
95.0950950950951,2.4946340280117616e-05,0.009410966440250577,0.9905640872194699
95.5955955955956,2.4888382309825202e-05,0.009178435939981626,0.9907966756777091
96.0960960960961,2.4831987408514297e-05,0.008951651064578462,0.9910235169480136
96.59659659659661,2.4777110634093876e-05,0.008730469909865333,0.9912447529795011
97.0970970970971,2.4723706243904602e-05,0.00851475359068273,0.9914605227030739
97.59759759759761,2.4671731726453133e-05,0.008304367038021064,0.991670961230253
98.0980980980981,2.462114610616933e-05,0.008099178561145809,0.9918762002927486
98.59859859859861,2.4571909788732556e-05,0.007899059744389165,0.9920763683458227
99.0990990990991,2.452398453844494e-05,0.007703885374389924,0.9922715906410722
99.59959959959961,2.4477333460788946e-05,0.007513533370381002,0.9924619892961588
100.10010010010011,2.4431920990169264e-05,0.0073278847175248275,0.9926476833614856
100.60060060060061,2.4387712868684424e-05,0.007146823399094962,0.9928287888880368
101.10110110110111,2.4344674601414107e-05,0.0069702358779583015,0.9930054194474408
101.60160160160162,2.4302772616913344e-05,0.006798011382539525,0.993177685844844
102.10210210210211,2.4261975121752107e-05,0.006630042103479553,0.9933456959213992
102.60260260260262,2.422225133279038e-05,0.006466222910273949,0.9935095548383938
103.10310310310311,2.418357145659118e-05,0.006306451291189651,0.9936693651373543
103.60360360360362,2.4145906672029766e-05,0.006150627295639278,0.9938252267976891
104.10410410410411,2.4109229116099088e-05,0.005998653479013152,0.9939772372918713
104.60460460460462,2.4073511872911402e-05,0.00585043484996888,0.9941254916381587
105.10510510510511,2.4038728793815487e-05,0.005705878744950566,0.9942700825262561
105.60560560560562,2.400485355159186e-05,0.005564894368931899,0.994411100777517
106.10610610610611,2.397186111971401e-05,0.005427393397380366,0.9945486347415003
106.60660660660662,2.393972737122836e-05,0.005293289757239686,0.9946827705153896
107.10710710710711,2.3908428916923397e-05,0.005162499513582199,0.9948135920575013
107.60760760760762,2.3877943090278528e-05,0.0050349408214889,0.9949411812354213
108.10810810810811,2.3848247934460488e-05,0.00491053387988503,0.995065617872181
108.60860860860862,2.3819322191367295e-05,0.004789200887331116,0.995186979790478
109.10910910910911,2.3791145292719824e-05,0.004670865999769551,0.9953053428549382
109.60960960960962,2.376369700252871e-05,0.004555455112294707,0.9954207811907032
110.11011011011011,2.3736957323390127e-05,0.004442895775707058,0.9955333672669701
110.61061061061062,2.3710907207438145e-05,0.004333117522268472,0.9956431715705245
111.11111111111111,2.3685528171219445e-05,0.00422605163622169,0.9957502628356075
111.61161161161162,2.3660802278763745e-05,0.004121631112049705,0.995854708085672
112.11211211211213,2.363671213055557e-05,0.004019790616646084,0.9959565726712238
112.61261261261262,2.3613240853854723e-05,0.003920466453086159,0.9960559203060605
113.11311311311313,2.359037209436551e-05,0.003823596525999129,0.996152813101907
113.61361361361362,2.3568089989253478e-05,0.0037291202943005018,0.9962473116157107
114.11411411411413,2.3546378769709822e-05,0.003636978460807705,0.9963394751604231
114.61461461461462,2.3525223200125648e-05,0.003547113258152047,0.9964293615186482
115.11511511511513,2.3504608588811278e-05,0.0034594684302767537,0.9965170269611349
115.61561561561562,2.3484520664285365e-05,0.0033739891188630427,0.9966025263604731
116.11611611611613,2.3464945566092674e-05,0.003290621831939764,0.9966859132224946
116.61661661661662,2.3445869836523424e-05,0.003209314413775617,0.9967672397163884
117.11711711711713,2.3427280413234212e-05,0.0031300160160538525,0.9968465567035334
117.61761761761763,2.3409164622770506e-05,0.0030526770703295514,0.9969239137650482
118.11811811811813,2.339151008416093e-05,0.002977249182493949,0.9969993593074225
118.61861861861863,2.3374304507838748e-05,0.0029036849363768564,0.9970729407591158
119.11911911911913,2.3357536134036804e-05,0.002831938255971838,0.9971447042078946
119.61961961961963,2.334119355265406e-05,0.002761964228310624,0.9972146945781373
120.12012012012013,2.3325265677209217e-05,0.002693719061319059,0.9972829556730043
120.62062062062063,2.330974173900286e-05,0.002627160059806573,0.997349530198455
121.12112112112113,2.329461128196926e-05,0.002562245602553201,0.9974144597861654
121.62162162162163,2.3279864158217883e-05,0.002498935120494233,0.9974777850153481
122.12212212212214,2.32654905242645e-05,0.0024371890760024155,0.9975395454334738
122.62262262262263,2.325148083795205e-05,0.0023769689432677735,0.9975997795758947
123.12312312312314,2.323782559791642e-05,0.0023182369292905187,0.997658525245112
123.62362362362363,2.3224515445007775e-05,0.0022609560605119094,0.9977158194240435
124.12412412412414,2.3211541465244463e-05,0.002205090473205922,0.9977716979853293
124.62462462462463,2.319889498777564e-05,0.0021506051947042513,0.9978261959103085
125.12512512512514,2.3186567579610198e-05,0.0020974661235726878,0.9978793473088482
125.62562562562563,2.3174551040779906e-05,0.002045640010627314,0.9979311854383324
126.12612612612614,2.3162837399934032e-05,0.001995094440787778,0.9979817427218128
126.62662662662663,2.3151418910365522e-05,0.0019457978157676927,0.9980310507653224
127.12712712712714,2.3140288046468675e-05,0.0018977193376021175,0.9980791403743519
127.62762762762763,2.3129437488398225e-05,0.0018508289769067349,0.9981260415856054
128.12812812812814,2.3118859947367318e-05,0.0018050972315492202,0.9981717839085038
128.62862862862863,2.3108548385572673e-05,0.0017604954052592248,0.9982163960463557
129.12912912912915,2.3098495997926302e-05,0.001716995572839175,0.9982599059311633
129.62962962962965,2.308869616256018e-05,0.0016745705045221762,0.9983023407993157
130.13013013013014,2.3079142437080946e-05,0.0016331936508452902,0.998343727206718
130.63063063063063,2.306982855513024e-05,0.001592839128194077,0.9983840910432512
131.13113113113116,2.3060748423250528e-05,0.0015534817050183623,0.9984234575465588
131.63163163163165,2.305189611805656e-05,0.0015150967887192536,0.9984618513151632
132.13213213213214,2.3043265883712365e-05,0.0014776604132073765,0.9984992963209094
132.63263263263264,2.3034852089930383e-05,0.0014411491666815317,0.998535815981229
133.13313313313316,2.3026649137108903e-05,0.0014055400392910585,0.9985714333115723
133.63363363363365,2.301865165762909e-05,0.0013708107210188788,0.9986061706273239
134.13413413413414,2.301085443491701e-05,0.0013369394709160734,0.9986400496746495
134.63463463463464,2.3003252390755088e-05,0.0013039050902482593,0.9986730916573614
135.13513513513516,2.2995840582415843e-05,0.001271686910773796,0.9987053172486442
135.63563563563565,2.298861420000443e-05,0.0012402647835462186,0.9987367466022542
136.13613613613614,2.2981568564009993e-05,0.001209619068240871,0.9987673993631956
136.63663663663664,2.2974699123065847e-05,0.0011797306230057743,0.9987972946778716
137.13713713713716,2.296800145191844e-05,0.001150580794836703,0.9988264512037118
137.63763763763765,2.2961471189240592e-05,0.0011221512949279324,0.9988548872338833
138.13813813813815,2.2955104056382715e-05,0.0010944242290772852,0.9988826206668667
138.63863863863864,2.2948895932910317e-05,0.0010673822369146738,0.9989096688671528
139.13913913913916,2.294284280580117e-05,0.0010410083894173228,0.9989360487677773
139.63963963963965,2.293694076708803e-05,0.0010152861792828505,0.9989617768799505
140.14014014014015,2.2931186011662922e-05,0.0009901995117362174,0.9989868693022526
140.64064064064064,2.29255748352282e-05,0.0009657326957420288,0.9990113417294232
141.14114114114116,2.2920103632394266e-05,0.00094187043562217,0.9990352094607459
141.64164164164166,2.2914768894924006e-05,0.0009185978230787894,0.9990584874080267
142.14214214214215,2.2909567206600184e-05,0.000895900322515609,0.9990811901102782
142.64264264264264,2.2904495187860063e-05,0.0008737636551558875,0.9991033318496566
143.14314314314316,2.2899549562713176e-05,0.0008521739298987822,0.9991249265205389
143.64364364364366,2.289472715403912e-05,0.000831117629837087,0.9991459876430092
144.14414414414415,2.2890024866952243e-05,0.0008105815748169346,0.9991665284003165
144.64464464464467,2.2885439687051598e-05,0.0007905529141285884,0.9991865616461847
145.14514514514516,2.2880968678778142e-05,0.000771019119522942,0.9992060999117987
145.64564564564566,2.287660898387914e-05,0.0007519679785537145,0.9992251554124628
146.14614614614615,2.28723578199798e-05,0.0007333875882453657,0.999243740053935
146.64664664664667,2.2868212479262163e-05,0.0007152663490867109,0.9992618654384344
147.14714714714717,2.2864170315527384e-05,0.0006975929303010418,0.9992795428993838
147.64764764764766,2.2860228713546855e-05,0.0006803561912914174,0.9992967835799954
148.14814814814815,2.2856385150699703e-05,0.0006635453318133819,0.9993135982830363
148.64864864864867,2.2852637172029864e-05,0.000647149827678526,0.9993299975351498
149.14914914914917,2.2848982385642956e-05,0.0006311594169161592,0.9993459916006986
149.64964964964966,2.284541846135966e-05,0.0006155640940638471,0.9993615904874752
150.15015015015015,2.284194312944653e-05,0.0006003541047099534,0.999376803952161
150.65065065065068,2.283855417942431e-05,0.0005855199402881711,0.9993916415055328
151.15115115115117,2.283524945895371e-05,0.0005710523331240512,0.9994061124174174
151.65165165165166,2.2832026872798682e-05,0.0005569422517335199,0.9994202257213941
152.15215215215215,2.2828884362080893e-05,0.0005431808433791075,0.9994339902722591
152.65265265265268,2.2825819909192493e-05,0.000529759445392149,0.999447414734699
153.15315315315317,2.2822831564193927e-05,0.0005166696540839802,0.9994605075143521
153.65365365365366,2.2819917426900995e-05,0.0005039032750221048,0.9994732768075514
154.15415415415416,2.2817075645804696e-05,0.0004914523184348965,0.9994857306059196
154.65465465465468,2.2814304417066308e-05,0.00047930899486225205,0.999497876700721
155.15515515515517,2.2811601983571477e-05,0.0004674657110087943,0.999509722687008
155.65565565565566,2.2808966634043326e-05,0.0004559150657996115,0.9995212759675667
156.15615615615616,2.280639670221456e-05,0.00044464984663855015,0.9995325437566596
156.65665665665668,2.280389056605861e-05,0.0004336630258690471,0.9995435330835652
157.15715715715717,2.2801446629674092e-05,0.0004229477071394036,0.9995542508462312
157.65765765765767,2.2799063328387276e-05,0.0004124971388943404,0.9995647037977775
158.15815815815816,2.279673915106089e-05,0.0004023047776206571,0.9995748984832286
158.65865865865868,2.2794472624865082e-05,0.00039236424264976023,0.9995848412847256
159.15915915915917,2.2792262314437178e-05,0.0003826693125722965,0.9995945384251135
159.65965965965967,2.2790106821092174e-05,0.00037321392183145417,0.9996039959713476
160.16016016016016,2.2788004782076315e-05,0.0003639921574726657,0.9996132198377455
160.66066066066068,2.278595486986367e-05,0.0003549982560497008,0.9996222157890807
161.16116116116117,2.278395579149579e-05,0.00034622660068715815,0.9996309894435216
161.66166166166167,2.2782006287964378e-05,0.00033767171829934665,0.999639546275413
162.1621621621622,2.2780105121826495e-05,0.0003293282388942481,0.9996478916559841
162.66266266266268,2.277825108101361e-05,0.00032119090709612055,0.999656030841823
163.16316316316318,2.2776442993196115e-05,0.0003132546277113508,0.9996639689292957
163.66366366366367,2.277467971565015e-05,0.00030551443234345753,0.999671710887941
164.1641641641642,2.2772960134613858e-05,0.00029796547661500676,0.9996792615632505
164.66466466466468,2.2771283164678208e-05,0.00029060303751860255,0.9996866256793169
165.16516516516518,2.2769647748210194e-05,0.0002834225108899158,0.999693807841362
165.66566566566567,2.2768052854808457e-05,0.00027641940900275985,0.9997008125381426
166.1661661661662,2.276649748079125e-05,0.0002695893582862054,0.9997076441442332
166.66666666666669,2.2764980648716813e-05,0.00026292809716374016,0.9997143069221877
167.16716716716718,2.2763501397961655e-05,0.0002564314438600198,0.9997208050547421
167.66766766766767,2.2762058787928942e-05,0.00025009530665831716,0.9997271426345539
168.1681681681682,2.2760651908439227e-05,0.0002439157183039547,0.9997333236297877
168.6686686686687,2.2759279872232645e-05,0.00023788881031518643,0.9997393519098127
169.16916916916918,2.2757941814471855e-05,0.00023201081082984884,0.9997452312473558
169.66966966966967,2.2756636892269724e-05,0.00022627804254847375,0.9997509653205594
170.1701701701702,2.2755364284241442e-05,0.00022068692077267988,0.9997565577149432
170.6706706706707,2.2754123190081087e-05,0.00021523395153884729,0.9997620119252711
171.17117117117118,2.2752912830162558e-05,0.00020991572984706971,0.9997673313573229
171.67167167167167,2.275173244516497e-05,0.00020472893798536703,0.9997725193295697
172.1721721721722,2.2750581288848593e-05,0.00019967031921306933,0.9997775790994983
172.6726726726727,2.274945863074849e-05,0.00019473668714124336,0.9997825138542282
173.17317317317318,2.274836376373841e-05,0.00018992495264636675,0.99978732668359
173.67367367367368,2.2747295998441575e-05,0.00018523210345907246,0.9997920206005426
174.1741741741742,2.2746254662843244e-05,0.0001806552024792301,0.9997965985428581
174.6746746746747,2.2745239101921706e-05,0.00017619138616471524,0.9998010633747335
175.17517517517518,2.2744248677297675e-05,0.00017183786299386326,0.999805417888329
175.67567567567568,2.274328276690212e-05,0.00016759191200161258,0.9998096648052317
176.1761761761762,2.274234076466252e-05,0.0001634508813893331,0.9998138067778461
176.6766766766767,2.2741422080207202e-05,0.00015941218720712968,0.9998178463907128
177.17717717717719,2.2740526133615315e-05,0.000155473293625775,0.9998217861802408
177.6776776776777,2.273965235751379e-05,0.00015163172052282874,0.9998256286271198
178.1781781781782,2.273880020225751e-05,0.0001478850625345825,0.9998293761372633
178.6786786786787,2.273796913197807e-05,0.00014423097417117094,0.999833031056697
179.1791791791792,2.2737158624284443e-05,0.00014066716851131406,0.9998365956728645
179.6796796796797,2.27363681699778e-05,0.00013719141595486373,0.9998400722158752
180.1801801801802,2.2735597272780494e-05,0.00013380154303315806,0.9998434628596942
180.6806806806807,2.2734845449079167e-05,0.00013049543127717977,0.9998467697232739
181.1811811811812,2.2734112227682035e-05,0.00012727101614352278,0.999849994871629
181.6816816816817,2.2733397134783244e-05,0.00012412622452224762,0.9998531403783432
182.1821821821822,2.273269975598377e-05,0.00012105923327580943,0.9998562080669684
182.6826826826827,2.2732019625437802e-05,0.00011806800836484062,0.9998591999720099
183.1831831831832,2.273135631686333e-05,0.0001151506814877847,0.9998621179621956
183.6836836836837,2.2730709414328704e-05,0.0001123054295276501,0.9998649638610583
184.1841841841842,2.2730078512100698e-05,0.00010953047387027854,0.9998677394476179
184.6846846846847,2.2729463214492522e-05,0.00010682407972261163,0.9998704464570631
185.1851851851852,2.2728863135711867e-05,0.0001041845554309593,0.9998730865814335
185.6856856856857,2.272827789970894e-05,0.00010161025179926706,0.9998756614703013
186.1861861861862,2.2727707140024496e-05,9.90995614073843e-05,0.9998781727314527
186.6866866866867,2.2727150499635514e-05,9.665091792000534e-05,0.9998806219315806
187.1871871871872,2.2726607626147947e-05,9.426277696381584e-05,0.9998830106154102
187.6876876876877,2.272607817493345e-05,9.19336284733775e-05,0.9998853402933519
188.1881881881882,2.2725561813496082e-05,8.966201390923989e-05,0.9998876124242774
188.6886886886887,2.272505821782298e-05,8.7446511722035e-05,0.9998898284300604
189.1891891891892,2.2724567072215555e-05,8.528573660405837e-05,0.9998919896963239
189.68968968968971,2.272408806912069e-05,8.317833874084933e-05,0.9998940975731901
190.1901901901902,2.272362090896194e-05,8.112300306277218e-05,0.9998961533760284
190.6906906906907,2.2723165299970752e-05,7.911844849659592e-05,0.9998981583862036
191.1911911911912,2.272272095801763e-05,7.716342721707542e-05,0.9999001138518251
191.69169169169172,2.2722287606443375e-05,7.525672389853167e-05,0.9999020209884952
192.1921921921922,2.2721864975890245e-05,7.339715496643286e-05,0.9999038809800579
192.6926926926927,2.2721452804133196e-05,7.158356784897426e-05,0.999905694979347
193.19319319319322,2.2721050833720762e-05,6.981483180770154e-05,0.9999074641173588
193.69369369369372,2.272065880584815e-05,6.808981428205651e-05,0.9999091895269122
194.1941941941942,2.2720276474018717e-05,6.64074333139141e-05,0.9999108722902122
194.6946946946947,2.271990359855636e-05,6.476663635001956e-05,0.9999125134600516
195.19519519519523,2.271953994557527e-05,6.316639618160582e-05,0.999914114063873
195.69569569569572,2.2719185286787656e-05,6.160571010573123e-05,0.9999156751046077
196.1961961961962,2.271883939931148e-05,6.0083599086616585e-05,0.9999171975615142
196.6966966966967,2.2718502065478183e-05,5.859910691698282e-05,0.9999186823910177
197.19719719719723,2.271817307264041e-05,5.715129937938836e-05,0.9999201305275481
197.69769769769772,2.2717852212979743e-05,5.573926340756689e-05,0.9999215428843796
198.1981981981982,2.2717539283314432e-05,5.4362106247764295e-05,0.9999229203544691
198.6986986986987,2.271723408490711e-05,5.301895462007644e-05,0.9999242638112952
199.19919919919923,2.2716936423545308e-05,5.170895508208209e-05,0.9999255741084946
199.69969969969972,2.2716646119950837e-05,5.043131992047236e-05,0.9999268520339598
200.20020020020021,2.2716362997035504e-05,4.918527098529635e-05,0.9999280983660178
200.7007007007007,2.2716086877420403e-05,4.7970028764284516e-05,0.9999293138843585
201.20120120120123,2.2715817587866707e-05,4.678483192187105e-05,0.9999304993504905
201.70170170170172,2.271555495911497e-05,4.5628936599668886e-05,0.9999316555084414
202.20220220220222,2.2715298825724424e-05,4.450161571694404e-05,0.9999327830854575
202.7027027027027,2.271504902591227e-05,4.340215827109062e-05,0.9999338827927032
203.20320320320323,2.2714805401392974e-05,4.232986863810553e-05,0.9999349553259607
203.70370370370372,2.2714567797217558e-05,4.1284065873063365e-05,0.9999360013663299
204.20420420420422,2.2714336061612898e-05,4.026408301059088e-05,0.999937021580928
204.7047047047047,2.271411004582102e-05,3.926926636534195e-05,0.999938016623589
205.20520520520523,2.2713889603938387e-05,3.829897483247223e-05,0.9999389871355637
205.70570570570572,2.2713674599481895e-05,3.735260825835109e-05,0.9999399337171424
206.20620620620622,2.2713464910644512e-05,3.642963014848482e-05,0.9999408569049412
206.7067067067067,2.271326040695659e-05,3.552946680140618e-05,0.9999417572727919
207.20720720720723,2.271306096051393e-05,3.4651555827213775e-05,0.9999426353832126
207.70770770770773,2.2712866446403522e-05,3.3795347982341385e-05,0.9999434917855715
208.20820820820822,2.271267674258676e-05,3.296030665993843e-05,0.9999443270165977
208.70870870870874,2.271249172978269e-05,3.2145907380250735e-05,0.9999451416008902
209.20920920920923,2.2712311291351252e-05,3.135163728100131e-05,0.9999459360514279
209.70970970970973,2.2712135313176515e-05,3.057699460777078e-05,0.9999467108700794
210.21021021021022,2.2711963683549897e-05,2.9821488204378164e-05,0.9999474665481124
210.71071071071074,2.2711796293053434e-05,2.9084637003261528e-05,0.999948203566704
211.21121121121124,2.2711633034442994e-05,2.8365969515858743e-05,0.99994892239745
211.71171171171173,2.271147380339385e-05,2.7665027056077875e-05,0.9999496234991407
212.21221221221222,2.271131850805114e-05,2.6981405080443436e-05,0.9999503072764118
212.71271271271274,2.2711167054051632e-05,2.631468834258006e-05,0.9999509741446037
213.21321321321324,2.2711019346660206e-05,2.5664460137942157e-05,0.9999516245205157
213.71371371371373,2.2710875293319867e-05,2.5030313338769173e-05,0.9999522588113682
214.21421421421422,2.2710734803563015e-05,2.4411850005818583e-05,0.9999528774151909
214.71471471471475,2.2710597788922697e-05,2.380868100009872e-05,0.9999534807212113
215.21521521521524,2.2710464162843894e-05,2.322042559460175e-05,0.9999540691102428
215.71571571571573,2.2710333840594794e-05,2.264671108603636e-05,0.9999546429550736
216.21621621621622,2.2710206739178038e-05,2.2087172406560742e-05,0.9999552026208545
216.71671671671675,2.271008277724202e-05,2.154145173551541e-05,0.9999557484654875
217.21721721721724,2.2709961874992134e-05,2.1009198111156195e-05,0.9999562808400141
217.71771771771773,2.270984395410205e-05,2.0490067042386906e-05,0.9999568000890038
218.21821821821823,2.270972883787539e-05,1.9983282802516934e-05,0.9999573069883599
218.71871871871875,2.270961671024833e-05,1.948965016288242e-05,0.9999578007331272
219.21921921921924,2.270950734468399e-05,1.900817506876305e-05,0.9999582823175869
219.71971971971973,2.270940067581394e-05,1.8538569851854615e-05,0.9999587520294727
220.22022022022023,2.2709296639238657e-05,1.808055111567708e-05,0.9999592101522454
220.72072072072075,2.2709195171527515e-05,1.7633839735574552e-05,0.9999596569650933
221.22122122122124,2.2709096210218797e-05,1.7198160858715346e-05,0.9999600927429314
221.72172172172174,2.2708999693819676e-05,1.6773243904091863e-05,0.9999605177564024
222.22222222222223,2.2708905561806246e-05,1.6358822562520686e-05,0.999960932271876
222.72272272272275,2.270881375462349e-05,1.5954634796642525e-05,0.999961336551449
223.22322322322324,2.2708724213685302e-05,1.55604228409223e-05,0.9999617308529457
223.72372372372374,2.2708636881374468e-05,1.5175933201649033e-05,0.9999621154299173
224.22422422422426,2.2708551702518617e-05,1.4800923100684786e-05,0.9999624905251971
224.72472472472475,2.2708468630639845e-05,1.4435187760815159e-05,0.9999628563436089
225.22522522522524,2.2708387614675888e-05,1.407850243164747e-05,0.9999632131099541
225.72572572572574,2.270830860349083e-05,1.3730642082908295e-05,0.9999635610493139
226.22622622622626,2.2708231547079856e-05,1.3391386664291047e-05,0.999963900381789
226.72672672672675,2.2708156396569252e-05,1.3060521105456058e-05,0.9999642313224983
227.22722722722725,2.2708083104216407e-05,1.2737835316030452e-05,0.9999645540815801
227.72772772772774,2.2708011623409802e-05,1.242312418560823e-05,0.9999648688641913
228.22822822822826,2.270794190866903e-05,1.211618758375023e-05,0.9999651758705079
228.72872872872875,2.2707873915644784e-05,1.18168303599842e-05,0.9999654752957248
229.22922922922925,2.2707807601118848e-05,1.1524862343804693e-05,0.9999657673300554
229.72972972972974,2.270774292300412e-05,1.124009834467313e-05,0.9999660521587327
230.23023023023026,2.270767984034459e-05,1.0962358152017776e-05,0.999966329962008
230.73073073073076,2.2707618313315355e-05,1.0691466535233798e-05,0.9999666009151518
231.23123123123125,2.2707558303064483e-05,1.0427252517828766e-05,0.9999668651891795
231.73173173173174,2.2707499770837925e-05,1.016954536040654e-05,0.9999671229548691
232.23223223223226,2.2707442679695483e-05,9.918182437641473e-06,0.999967374374883
232.73273273273276,2.2707386993996827e-05,9.67300687883928e-06,0.9999676196061276
233.23323323323325,2.27073326792115e-05,9.433866695875484e-06,0.9999678588006253
233.73373373373374,2.2707279701918945e-05,9.200614783195472e-06,0.9999680921055153
234.23423423423426,2.270722802980847e-05,8.973108917814463e-06,0.9999683196630528
234.73473473473476,2.2707177631679278e-05,8.75121175931757e-06,0.9999685416106094
235.23523523523525,2.2707128477440456e-05,8.53479084985971e-06,0.9999687580806731
235.73573573573574,2.270708053811096e-05,8.323718614165667e-06,0.9999689692008481
236.23623623623627,2.2707033785819653e-05,8.117872359530057e-06,0.9999691750938551
236.73673673673676,2.2706988193805264e-05,7.917134275817382e-06,0.9999693758775308
237.23723723723725,2.2706943736416406e-05,7.72139143546196e-06,0.9999695716648285
237.73773773773775,2.2706900389111585e-05,7.530535793467968e-06,0.9999697625638179
238.23823823823827,2.270685812656011e-05,7.344455836917586e-06,0.999969948686037
238.73873873873876,2.2706816908873557e-05,7.162976042853045e-06,0.9999701302070487
239.23923923923925,2.2706776706707813e-05,6.985967255291057e-06,0.9999703072560384
239.73973973973975,2.2706737494885205e-05,6.813318640936629e-06,0.9999704799438646
240.24024024024027,2.2706699249020078e-05,6.644922851375131e-06,0.9999706483779001
240.74074074074076,2.2706661945518797e-05,6.4806760230723286e-06,0.9999708126620318
241.24124124124126,2.2706625561579746e-05,6.320477777374325e-06,0.9999709728966615
241.74174174174178,2.2706590075193337e-05,6.164231220507597e-06,0.9999711291787048
242.24224224224227,2.270655546514199e-05,6.011842943579011e-06,0.9999712816015918
242.74274274274276,2.270652171100015e-05,5.86322302257578e-06,0.9999714302552669
243.24324324324326,2.270648879313429e-05,5.718285018365492e-06,0.999971575226189
243.74374374374378,2.270645669270289e-05,5.576945976696095e-06,0.9999717165973311
244.24424424424427,2.2706425391656453e-05,5.439126428195932e-06,0.9999718544481806
244.74474474474476,2.2706394872737504e-05,5.3047503883736885e-06,0.9999719888547394
245.24524524524526,2.2706365118375407e-05,5.173740497303055e-06,0.9999721198943847
245.74574574574578,2.270633610008098e-05,5.045971379895739e-06,0.9999722476925205
246.24624624624627,2.2706307796495674e-05,4.921349021505946e-06,0.9999723723431825
246.74674674674677,2.2706280189757506e-05,4.79979478632771e-06,0.9999724939250244
247.24724724724726,2.2706253262559554e-05,4.681232481291874e-06,0.9999726125142566
247.74774774774778,2.2706226998149938e-05,4.5655883560660665e-06,0.9999727281846462
248.24824824824827,2.2706201380331826e-05,4.4527911030547365e-06,0.999972841007517
248.74874874874877,2.270617639346343e-05,4.342771857399107e-06,0.9999729510517495
249.24924924924926,2.2706152022458013e-05,4.2354641969772055e-06,0.999973058383781
249.74974974974978,2.2706128252783887e-05,4.13080414240385e-06,0.9999731630676053
250.25025025025028,2.2706105070464413e-05,4.028730157030672e-06,0.9999732651647729
250.75075075075077,2.2706082462077987e-05,3.929183146946084e-06,0.9999733647343915
251.25125125125126,2.270606041475807e-05,3.8321064609752986e-06,0.9999734618331247
251.75175175175178,2.2706038916193163e-05,3.73744589068032e-06,0.9999735565151936
252.25225225225228,2.270601795410209e-05,3.645147362163058e-06,0.9999736488346842
252.75275275275277,2.270599750943953e-05,3.555127047479331e-06,0.9999737388754436
253.25325325325326,2.2705977567202558e-05,3.4673189021363736e-06,0.9999738267035312
253.75375375375378,2.2705958114933065e-05,3.381668077224144e-06,0.9999739123738084
254.25425425425428,2.270593914057887e-05,3.2981215105928457e-06,0.9999739959393493
254.75475475475477,2.2705920632493712e-05,3.2166279268528984e-06,0.9999740774514412
255.25525525525526,2.270590257943726e-05,3.137137837374957e-06,0.9999741569595837
255.75575575575579,2.270588497057511e-05,3.059603540289902e-06,0.9999742345114896
256.2562562562563,2.2705867795478784e-05,2.98397912048886e-06,0.9999743101530846
256.7567567567568,2.270585104412573e-05,2.9102204496231724e-06,0.9999743839285068
257.25725725725727,2.2705834706899313e-05,2.838285186104417e-06,0.9999744558801075
257.75775775775776,2.270581877458884e-05,2.7681327751044025e-06,0.9999745260484508
258.2582582582583,2.2705803238389532e-05,2.69972444855516e-06,0.9999745944723135
258.7587587587588,2.270578808990254e-05,2.6330232251489748e-06,0.9999746611886855
259.2592592592593,2.270577332072812e-05,2.5679921200364318e-06,0.9999747262345597
259.7597597597598,2.2705758915269166e-05,2.5045624758619967e-06,0.9999747896786094
260.2602602602603,2.2705744861830097e-05,2.442682804837112e-06,0.9999748515723339
260.7607607607608,2.2705731151694897e-05,2.3823147316305358e-06,0.9999749119541173
261.26126126126127,2.270571777645526e-05,2.323421235456407e-06,0.9999749708609886
261.76176176176176,2.2705704728010598e-05,2.2659666500742428e-06,0.9999750283286224
262.2622622622623,2.2705691998568023e-05,2.2099166637889356e-06,0.9999750843913382
262.7627627627628,2.270567958064236e-05,2.1552383194507756e-06,0.9999751390821005
263.2632632632633,2.270566746705615e-05,2.101900014455413e-06,0.999975192432519
263.7637637637638,2.2705655650939635e-05,2.0498715007438855e-06,0.9999752444728488
264.2642642642643,2.2705644125730767e-05,1.9991238848026093e-06,0.99997529523199
264.7647647647648,2.2705632885175216e-05,1.9496296276633813e-06,0.9999753447374877
265.26526526526527,2.2705621923326352e-05,1.9013625449033774e-06,0.9999753930155323
265.76576576576576,2.270561123454526e-05,1.8542978066451533e-06,0.9999754400909593
266.2662662662663,2.270560081350074e-05,1.8084119375566395e-06,0.9999754859872495
266.7667667667668,2.270559065516929e-05,1.7636828168511615e-06,0.9999755307265284
267.2672672672673,2.2705580754835122e-05,1.7200896782874094e-06,0.9999755743295674
267.7677677677678,2.2705571108090165e-05,1.6776131101694576e-06,0.9999756168157823
268.2682682682683,2.2705561710252835e-05,1.6362324972206192e-06,0.999975658205793
268.7687687687688,2.270555254706438e-05,1.595885071797306e-06,0.9999756985623817
269.2692692692693,2.2705543609327905e-05,1.5565303454913097e-06,0.9999757379260457
269.76976976976977,2.270553489135413e-05,1.5181432684101183e-06,0.9999757763218408
270.2702702702703,2.270552638763446e-05,1.4806995860997075e-06,0.9999758137740268
270.7707707707708,2.270551809284098e-05,1.4441758395445577e-06,0.9999758503060682
271.2712712712713,2.2705510001826456e-05,1.4085493651676293e-06,0.9999758859406336
271.7717717717718,2.2705502109624322e-05,1.3737982948303793e-06,0.9999759206995961
272.2722722722723,2.2705494411448705e-05,1.3399015558327565e-06,0.9999759546040332
272.7727727727728,2.2705486902694406e-05,1.3068388709132028e-06,0.9999759876742269
273.2732732732733,2.2705479578936896e-05,1.274590758248652e-06,0.9999760199296633
273.7737737737738,2.2705472435932345e-05,1.2431385314545265e-06,0.9999760513890331
274.2742742742743,2.2705465469617582e-05,1.2124642995847518e-06,0.9999760820702314
274.7747747747748,2.2705458676110128e-05,1.182550967131735e-06,0.9999761119903573
275.2752752752753,2.270545205170818e-05,1.1533822340263793e-06,0.9999761411657148
275.7757757757758,2.270544559289061e-05,1.1249425956380801e-06,0.999976169611812
276.2762762762763,2.2705439296316978e-05,1.0972173427747252e-06,0.9999761973433614
276.7767767767768,2.2705433158827512e-05,1.0701925616826943e-06,0.99997622437428
277.2772772772773,2.27054271771383e-05,1.0438537922154587e-06,0.9999762507190312
277.7777777777778,2.270542134341026e-05,1.0181665227993655e-06,0.9999762764121343
278.2782782782783,2.2705415652360407e-05,9.93107493784094e-07,0.9999763014768543
278.7787787787788,2.2705410100352562e-05,9.686606946706911e-07,0.9999763259292055
279.2792792792793,2.2705404683870622e-05,9.448106436594545e-07,0.999976349784673
279.7797797797798,2.2705399399518575e-05,9.215423876499305e-07,0.9999763730582134
280.2802802802803,2.270539424402048e-05,8.988415022409135e-07,0.9999763957642542
280.7807807807808,2.270538921422049e-05,8.766940917304461e-07,0.9999764179166946
281.2812812812813,2.270538430708284e-05,8.550867891158192e-07,0.9999764395289044
281.78178178178183,2.2705379519691844e-05,8.340067560935696e-07,0.9999764606137247
282.2822822822823,2.2705374849251896e-05,8.134416830594893e-07,0.9999764811834683
282.7827827827828,2.2705370293087483e-05,7.933797891086114e-07,0.9999765012499183
283.2832832832833,2.2705365848643166e-05,7.738098220352197e-07,0.9999765208243299
283.7837837837838,2.2705361513483598e-05,7.547210583328461e-07,0.9999765399174287
284.2842842842843,2.2705357285293504e-05,7.36103303194271e-07,0.999976558539412
284.7847847847848,2.2705353161877706e-05,7.179468905115227e-07,0.9999765766999481
285.2852852852853,2.2705349141161095e-05,7.002426828758778e-07,0.9999765944081765
285.78578578578583,2.2705345221188655e-05,6.829820715778594e-07,0.9999766116727078
286.2862862862863,2.2705341399914348e-05,6.661560472675366e-07,0.9999766285025533
286.7867867867868,2.270533767240599e-05,6.497428948188955e-07,0.9999766449194332
287.2872872872873,2.2705334035419852e-05,6.337283323157191e-07,0.9999766609376327
287.7877877877878,2.270533048672221e-05,6.181025243277767e-07,0.9999766765669894
288.2882882882883,2.2705327024161105e-05,6.028559953852994e-07,0.9999766918169809
288.7887887887888,2.2705323645666325e-05,5.879796299789791e-07,0.9999767066967248
289.28928928928934,2.2705320349249413e-05,5.734646725599676e-07,0.9999767212149786
289.78978978978984,2.2705317133003672e-05,5.593027275398827e-07,0.9999767353801399
290.29029029029033,2.2705313995104152e-05,5.454857592907987e-07,0.999976749200246
290.7907907907908,2.2705310933807656e-05,5.320060921452526e-07,0.9999767626829745
291.2912912912913,2.270530794745275e-05,5.188564103962426e-07,0.9999767758356426
291.7917917917918,2.270530503445974e-05,5.060297582972285e-07,0.9999767886652077
292.2922922922923,2.27053021933307e-05,4.93519540062131e-07,0.999976801178267
292.7927927927928,2.270529942264945e-05,4.813195198653323e-07,0.9999768133810579
293.29329329329335,2.270529672108156e-05,4.694238218416742e-07,0.9999768252794575
293.79379379379384,2.270529408737437e-05,4.578269300864642e-07,0.999976836878983
294.29429429429433,2.2705291520356954e-05,4.4652368865546675e-07,0.9999768481847914
294.7947947947948,2.2705289018940156e-05,4.3550930156490884e-07,0.9999768592016799
295.2952952952953,2.2705286391896906e-05,4.239417819170085e-07,0.9999768707718267
295.7957957957958,2.2705284054902443e-05,4.136513782165763e-07,0.9999768810645674
296.2962962962963,2.2705281769596083e-05,4.0358857111238654e-07,0.9999768911296598
296.7967967967968,2.2705279535283887e-05,3.937503049083183e-07,0.9999769009701603
297.29729729729735,2.2705277351271903e-05,3.841335239082494e-07,0.9999769105891253
297.79779779779784,2.2705275216866184e-05,3.747351724160611e-07,0.9999769199896112
298.29829829829833,2.270527313137278e-05,3.655521947356313e-07,0.9999769291746744
298.7987987987988,2.2705271094097752e-05,3.5658153517083897e-07,0.9999769381473712
299.2992992992993,2.2705269104347144e-05,3.478201380255632e-07,0.9999769469107581
299.7997997997998,2.2705267161427015e-05,3.39264947603683e-07,0.9999769554678914
300.3003003003003,2.2705265264643415e-05,3.309129082090774e-07,0.9999769638218277
300.8008008008008,2.2705263413302398e-05,3.227609641456253e-07,0.9999769719756231
301.30130130130135,2.2705261606710016e-05,3.148060597172049e-07,0.999976979932334
301.80180180180184,2.270525984417232e-05,3.0704513922769705e-07,0.9999769876950171
302.30230230230234,2.2705258124995367e-05,2.994751469809798e-07,0.9999769952667286
302.80280280280283,2.2705256448485206e-05,2.920930272809323e-07,0.9999770026505247
303.3033033033033,2.270525481394789e-05,2.8489572443143334e-07,0.9999770098494621
303.8038038038038,2.2705253220689477e-05,2.778801827363621e-07,0.9999770168665971
304.3043043043043,2.270525166792891e-05,2.710429630092925e-07,0.9999770237053697
304.80480480480486,2.2705250153867927e-05,2.6437614748589446e-07,0.9999770303736992
305.30530530530535,2.2705248677375055e-05,2.57874754141537e-07,0.999977036876569
305.80580580580585,2.2705247237624295e-05,2.5153514590833887e-07,0.999977043217617
306.30630630630634,2.270524583378966e-05,2.453536857184196e-07,0.999977049400481
306.80680680680683,2.2705244465045148e-05,2.393267365038987e-07,0.999977055428799
307.3073073073073,2.270524313056477e-05,2.334506611968957e-07,0.9999770613062088
307.8078078078078,2.270524182952253e-05,2.2772182272953018e-07,0.9999770670363484
308.3083083083083,2.2705240561092436e-05,2.2213658403392166e-07,0.9999770726228554
308.80880880880886,2.2705239324448494e-05,2.1669130804218904e-07,0.9999770780693681
309.30930930930936,2.270523811876471e-05,2.113823576864531e-07,0.9999770833795241
309.80980980980985,2.2705236943215086e-05,2.0620609589883276e-07,0.9999770885569614
310.31031031031034,2.2705235796973632e-05,2.0115888561144753e-07,0.999977093605318
310.81081081081084,2.2705234679214355e-05,1.9623708975641696e-07,0.9999770985282316
311.31131131131133,2.2705233589111257e-05,1.9143707126586058e-07,0.9999771033293402
311.8118118118118,2.2705232525838347e-05,1.867551930718979e-07,0.9999771080122817
312.3123123123123,2.270523148856963e-05,1.821878181066485e-07,0.9999771125806939
312.81281281281287,2.270523047647911e-05,1.7773130930223136e-07,0.9999771170382148
313.31331331331336,2.2705229488740796e-05,1.7338202959076708e-07,0.9999771213884823
313.81381381381385,2.2705228524528694e-05,1.6913634190437465e-07,0.9999771256351341
314.31431431431434,2.270522758301681e-05,1.649906091751736e-07,0.9999771297818084
314.81481481481484,2.2705226663379147e-05,1.6094119433528346e-07,0.9999771338321428
315.31531531531533,2.2705225764962776e-05,1.5698522235570173e-07,0.9999771377890133
315.8158158158158,2.270522488894933e-05,1.5312789635848826e-07,0.9999771416472153
316.3163163163163,2.2705224035273938e-05,1.4936893068423676e-07,0.9999771454070346
316.81681681681687,2.2705223203348745e-05,1.4570573687470487e-07,0.9999771490710604
317.31731731731736,2.2705222392585894e-05,1.4213572647165146e-07,0.9999771526418816
317.81781781781785,2.2705221602397538e-05,1.3865631101683416e-07,0.9999771561220872
318.31831831831835,2.2705220832195826e-05,1.3526490205201098e-07,0.9999771595142664
318.81881881881884,2.2705220081392906e-05,1.3195891111894001e-07,0.9999771628210081
319.31931931931933,2.2705219349400924e-05,1.287357497593793e-07,0.9999771660449014
319.8198198198198,2.270521863563203e-05,1.2559282951508684e-07,0.9999771691885354
320.3203203203203,2.2705217939498368e-05,1.2252756192782075e-07,0.9999771722544992
320.82082082082087,2.2705217260412094e-05,1.1953735853933867e-07,0.9999771752453817
321.32132132132136,2.270521659778535e-05,1.1661963089139938e-07,0.999977178163772
321.82182182182186,2.270521595103029e-05,1.1377179052576056e-07,0.9999771810122591
322.32232232232235,2.2705215319559055e-05,1.1099124898418026e-07,0.999977183793432
322.82282282282284,2.2705214702783798e-05,1.0827541780841653e-07,0.99997718650988
323.32332332332334,2.2705214100116664e-05,1.056217085402274e-07,0.999977189164192
323.82382382382383,2.2705213510969806e-05,1.0302753272137094e-07,0.9999771917589569
324.3243243243244,2.2705212934755373e-05,1.0049030189360489e-07,0.9999771942967639
324.8248248248249,2.2705212370885506e-05,9.800742759868786e-08,0.9999771967802021
325.32532532532537,2.2705211818772358e-05,9.557632137837765e-08,0.9999771992118605
325.82582582582586,2.2705211277828078e-05,9.319439477443226e-08,0.999977201594328
326.32632632632635,2.2705210747694422e-05,9.086007035828747e-08,0.9999772039291825
326.82682682682685,2.2705210230229608e-05,8.858153029483682e-08,0.99997720620824
327.32732732732734,2.2705209725733505e-05,8.636009496675267e-08,0.9999772084301799
327.82782782782783,2.2705209233906324e-05,8.419444433020107e-08,0.9999772105963224
328.3283283283284,2.2705208754448278e-05,8.208325834134773e-08,0.9999772127079878
328.8288288288289,2.2705208287059577e-05,8.00252169563592e-08,0.9999772147664966
329.32932932932937,2.270520783144044e-05,7.801900013140125e-08,0.9999772167731691
329.82982982982986,2.2705207387291066e-05,7.606328782263985e-08,0.9999772187293255
330.33033033033036,2.2705206954311683e-05,7.415675998624104e-08,0.9999772206362864
330.83083083083085,2.270520653220249e-05,7.229809657837085e-08,0.9999772224953718
331.33133133133134,2.270520612066371e-05,7.048597755519527e-08,0.9999772243079024
331.83183183183183,2.2705205719395546e-05,6.871908287288032e-08,0.9999772260751983
332.3323323323324,2.2705205328098217e-05,6.69960924875918e-08,0.99997722779858
332.8328328328329,2.270520494647193e-05,6.531568635549615e-08,0.9999772294793678
333.33333333333337,2.27052045742169e-05,6.367654443275916e-08,0.9999772311188819
333.83383383383386,2.270520421103334e-05,6.207734667554686e-08,0.999977232718443
334.33433433433436,2.2705203856621464e-05,6.051677304002525e-08,0.9999772342793709
334.83483483483485,2.270520351068148e-05,5.8993503482360345e-08,0.9999772358029865
335.33533533533534,2.27052031729136e-05,5.7506217958718164e-08,0.9999772372906097
335.83583583583584,2.270520284301804e-05,5.605359642526472e-08,0.9999772387435611
336.3363363363364,2.2705202520695008e-05,5.463431883816586e-08,0.9999772401631611
336.8368368368369,2.2705202205644722e-05,5.324706515358792e-08,0.9999772415507299
337.3373373373374,2.27052015926249e-05,5.054777162774492e-08,0.9999772442506364
337.83783783783787,2.270520133289198e-05,4.940409528475115e-08,0.9999772453945724
338.33833833833836,2.2705201077246705e-05,4.827841798134423e-08,0.9999772465205053
338.83883883883885,2.2705200825689073e-05,4.7170739717524136e-08,0.9999772476284352
339.33933933933935,2.2705200578219087e-05,4.6081060493290886e-08,0.9999772487183619
339.8398398398399,2.2705200334836746e-05,4.500938030864435e-08,0.9999772497902855
340.3403403403404,2.2705200095542048e-05,4.395569916358477e-08,0.9999772508442059
340.8408408408409,2.2705199860334995e-05,4.292001705811203e-08,0.9999772518801232
341.3413413413414,2.2705199629215587e-05,4.1902333992226124e-08,0.9999772528980374
341.84184184184187,2.2705199402183825e-05,4.0902649965927054e-08,0.9999772538979484
342.34234234234236,2.2705199179239705e-05,3.992096497921482e-08,0.9999772548798563
342.84284284284286,2.270519896038323e-05,3.895727903208942e-08,0.9999772558437612
343.34334334334335,2.27051987456144e-05,3.801159212455086e-08,0.9999772567896629
343.8438438438439,2.2705198534933214e-05,3.7083904256599035e-08,0.9999772577175614
344.3443443443444,2.2705198328339673e-05,3.6174215428234145e-08,0.9999772586274568
344.8448448448449,2.2705198125833777e-05,3.528252563945609e-08,0.9999772595193491
345.3453453453454,2.2705197927415526e-05,3.440883489026488e-08,0.9999772603932383
345.8458458458459,2.2705197733084918e-05,3.35531431806605e-08,0.9999772612491243
346.34634634634637,2.2705197542841955e-05,3.2715450510642954e-08,0.9999772620870072
346.84684684684686,2.2705197356686637e-05,3.189575688021225e-08,0.999977262906887
347.34734734734735,2.2705197174618965e-05,3.109406228936838e-08,0.9999772637087637
347.8478478478479,2.2705196996638935e-05,3.0310366738111256e-08,0.9999772644926372
348.3483483483484,2.270519682270091e-05,2.9544469251757648e-08,0.9999772652587087
348.8488488488489,2.270519665240698e-05,2.8794617736668632e-08,0.9999772660087305
349.3493493493494,2.2705196485664707e-05,2.8060405145414005e-08,0.9999772667431098
349.8498498498499,2.270519632247409e-05,2.7341831477993758e-08,0.9999772674618467
350.35035035035037,2.2705196162835125e-05,2.6638896734407904e-08,0.999977268164941
350.85085085085086,2.2705196006747817e-05,2.595160091465644e-08,0.9999772688523929
351.35135135135135,2.2705195854212165e-05,2.5279944018739357e-08,0.9999772695242024
351.8518518518519,2.270519570522817e-05,2.4623926046656592e-08,0.9999772701803693
352.3523523523524,2.270519555979583e-05,2.398354699840829e-08,0.9999772708208938
352.8528528528529,2.2705195417915143e-05,2.3358806873994372e-08,0.9999772714457759
353.3533533533534,2.2705195279586115e-05,2.274970567341484e-08,0.9999772720550154
353.8538538538539,2.270519514480874e-05,2.2156243396669696e-08,0.9999772726486125
354.35435435435437,2.270519501358302e-05,2.157842004375894e-08,0.999977273226567
354.85485485485486,2.2705194885908955e-05,2.1016235614682572e-08,0.9999772737888791
355.3553553553554,2.270519476178655e-05,2.0469690109440532e-08,0.9999772743355487
355.8558558558559,2.2705194641215794e-05,1.993878352803294e-08,0.9999772748665758
356.3563563563564,2.2705194524196698e-05,1.942351587045973e-08,0.9999772753819606
356.8568568568569,2.2705194410729255e-05,1.8923887136720916e-08,0.9999772758817027
357.3573573573574,2.270519430081347e-05,1.8439897326816484e-08,0.9999772763658025
357.8578578578579,2.270519419444934e-05,1.797154644074644e-08,0.9999772768342597
358.3583583583584,2.2705194091636863e-05,1.7518834478510782e-08,0.9999772772870745
358.85885885885887,2.2705193992376044e-05,1.7081761440109515e-08,0.9999772777242468
359.3593593593594,2.270519389666688e-05,1.6660327325542585e-08,0.9999772781457766
359.8598598598599,2.27051938043552e-05,1.6253853289118554e-08,0.999977278552343
360.3603603603604,2.270519371420108e-05,1.58568795707205e-08,0.9999772789494068
360.8608608608609,2.2705193625934646e-05,1.5468217863641135e-08,0.9999772793381568
361.3613613613614,2.2705193539555896e-05,1.5087868167880468e-08,0.9999772797185928
361.8618618618619,2.2705193455064837e-05,1.4715830483438487e-08,0.9999772800907151
362.3623623623624,2.2705193372461463e-05,1.4352104810315199e-08,0.9999772804545233
362.86286286286287,2.2705193291745775e-05,1.3996691148510605e-08,0.9999772808100177
363.3633633633634,2.270519321291778e-05,1.3649589498024661e-08,0.9999772811571982
363.8638638638639,2.2705193135977467e-05,1.3310799858857449e-08,0.9999772814960647
364.3643643643644,2.270519306092484e-05,1.298032223100893e-08,0.9999772818266174
364.8648648648649,2.27051929877599e-05,1.26581566144791e-08,0.9999772821488562
365.3653653653654,2.270519291648265e-05,1.2344303009267963e-08,0.9999772824627811
365.8658658658659,2.2705192847093085e-05,1.2038761415375517e-08,0.999977282768392
366.3663663663664,2.270519277959121e-05,1.1741531832801764e-08,0.9999772830656891
366.86686686686687,2.270519271397702e-05,1.14526142615467e-08,0.9999772833546723
367.3673673673674,2.2705192650250516e-05,1.1172008701610299e-08,0.9999772836353417
367.8678678678679,2.27051925884117e-05,1.089971515299262e-08,0.999977283907697
368.3683683683684,2.270519252846057e-05,1.0635733615693634e-08,0.9999772841717385
368.8688688688689,2.270519247039713e-05,1.0380064089713339e-08,0.9999772844274661
369.3693693693694,2.2705192414221377e-05,1.0132706575051734e-08,0.9999772846748798
369.8698698698699,2.2705192359933307e-05,9.893661071708824e-09,0.9999772849139795
370.3703703703704,2.2705192307532925e-05,9.662927579684602e-09,0.9999772851447655
370.87087087087093,2.2705192257020234e-05,9.440506098979049e-09,0.9999772853672375
371.3713713713714,2.2705192208294345e-05,9.22595243195854e-09,0.9999772855818398
371.8718718718719,2.2705192160604855e-05,9.015962310792643e-09,0.9999772857918776
372.3723723723724,2.2705192113798923e-05,8.809862721900477e-09,0.999977285998024
372.8728728728729,2.270519206787654e-05,8.60765366528204e-09,0.999977286200279
373.3733733733734,2.270519202283771e-05,8.409335140937336e-09,0.9999772863986426
373.8738738738739,2.270519197868244e-05,8.214907148866363e-09,0.9999772865931147
374.3743743743744,2.2705191935410718e-05,8.024369689069121e-09,0.9999772867836955
374.87487487487493,2.270519189302255e-05,7.837722761545587e-09,0.9999772869703848
375.3753753753754,2.2705191851517935e-05,7.654966366295807e-09,0.9999772871531827
375.8758758758759,2.2705191810896875e-05,7.476100503319758e-09,0.9999772873320891
376.3763763763764,2.2705191771159367e-05,7.30112517261744e-09,0.9999772875071042
376.8768768768769,2.2705191732305417e-05,7.130040374188853e-09,0.9999772876782278
377.3773773773774,2.2705191694335017e-05,6.9628461080339965e-09,0.99997728784546
377.8778778778779,2.2705191657248168e-05,6.799542374152871e-09,0.9999772880088009
378.3783783783784,2.2705191621044875e-05,6.640129172545477e-09,0.9999772881682503
378.87887887887894,2.2705191585725136e-05,6.484606503211796e-09,0.9999772883238083
379.37937937937943,2.270519155128895e-05,6.332974366151864e-09,0.9999772884754748
379.8798798798799,2.270519151773632e-05,6.185232761365663e-09,0.99997728862325
380.3803803803804,2.270519148506724e-05,6.041381688853193e-09,0.9999772887671338
380.8808808808809,2.2705191453281712e-05,5.901421148614454e-09,0.9999772889071261
381.3813813813814,2.270519142237974e-05,5.765351140649445e-09,0.999977289043227
381.8818818818819,2.2705191392361324e-05,5.633171664958168e-09,0.9999772891754365
382.3823823823824,2.2705191363226457e-05,5.504882721540622e-09,0.9999772893037546
382.88288288288294,2.2705191334932748e-05,5.380297616967079e-09,0.9999772894283679
383.38338338338343,2.2705191307187814e-05,5.2581289252313765e-09,0.9999772895505644
383.8838838838839,2.2705191279935993e-05,5.138131552686374e-09,0.999977289670589
384.3843843843844,2.2705191253177287e-05,5.02030549933207e-09,0.9999772897884418
384.8848848848849,2.2705191226911696e-05,4.9046507651684644e-09,0.9999772899041228
385.3853853853854,2.2705191201139218e-05,4.79116735019556e-09,0.999977290017632
385.8858858858859,2.2705191175859855e-05,4.6798552544133516e-09,0.9999772901289694
386.38638638638645,2.2705191151073604e-05,4.570714477821831e-09,0.999977290238135
386.88688688688694,2.270519112678047e-05,4.463745020421022e-09,0.9999772903451287
387.38738738738743,2.2705191102980446e-05,4.358946882210912e-09,0.9999772904499507
387.8878878878879,2.270519107967354e-05,4.2563200631915e-09,0.9999772905526008
388.3883883883884,2.2705191056859746e-05,4.155864563362788e-09,0.999977290653079
388.8888888888889,2.270519103453907e-05,4.057580382724774e-09,0.9999772907513855
389.3893893893894,2.2705191012711504e-05,3.961467521277459e-09,0.9999772908475203
389.8898898898899,2.270519099137705e-05,3.867525979020843e-09,0.9999772909414831
390.39039039039045,2.2705190970535714e-05,3.7757557559549155e-09,0.9999772910332742
390.89089089089094,2.2705190950187493e-05,3.6861568520796973e-09,0.9999772911228935
391.39139139139144,2.2705190930332387e-05,3.5987292673951784e-09,0.9999772912103408
391.89189189189193,2.2705190910970392e-05,3.513473001901358e-09,0.9999772912956165
392.3923923923924,2.270519089210151e-05,3.4303880555982368e-09,0.9999772913787204
392.8928928928929,2.2705190873725747e-05,3.349474428485814e-09,0.9999772914596523
393.3933933933934,2.2705190855843093e-05,3.2707321205640903e-09,0.9999772915384125
393.8938938938939,2.2705190838453557e-05,3.1941611318330657e-09,0.9999772916150009
394.39439439439445,2.270519082153565e-05,3.119666860192581e-09,0.9999772916895122
394.89489489489495,2.2705190804951744e-05,3.0466432872928543e-09,0.9999772917625523
395.39539539539544,2.270519078867738e-05,2.974982726717539e-09,0.9999772918342291
395.89589589589593,2.2705190772712565e-05,2.904685178466635e-09,0.9999772919045427
396.3963963963964,2.2705190757057293e-05,2.8357506425401433e-09,0.9999772919734928
396.8968968968969,2.2705190741711563e-05,2.768179118938063e-09,0.9999772920410798
397.3973973973974,2.270519072667538e-05,2.7019706076603945e-09,0.9999772921073032
397.8978978978979,2.2705190711948743e-05,2.6371251087071377e-09,0.9999772921721635
398.39839839839846,2.270519069753165e-05,2.573642622078286e-09,0.9999772922356605
398.89889889889895,2.2705190683424102e-05,2.5115231477738525e-09,0.999977292297794
399.39939939939944,2.2705190669626098e-05,2.4507666857938314e-09,0.9999772923585643
399.89989989989994,2.270519065613764e-05,2.391373236138222e-09,0.9999772924179712
400.40040040040043,2.2705190642958726e-05,2.3333427988070238e-09,0.9999772924760147
400.9009009009009,2.2705190630089358e-05,2.276675373800237e-09,0.9999772925326951
401.4014014014014,2.2705190617529533e-05,2.221370961117863e-09,0.999977292588012
401.90190190190197,2.2705190605279254e-05,2.167429560759894e-09,0.9999772926419657
402.40240240240246,2.270519059333852e-05,2.114851172726343e-09,0.999977292694556
402.90290290290295,2.270519058170733e-05,2.063635797017204e-09,0.9999772927457831
403.40340340340344,2.2705190570385685e-05,2.0137834336324766e-09,0.9999772927956467
403.90390390390394,2.2705190559373586e-05,1.965294082572161e-09,0.999977292844147
404.40440440440443,2.270519054867103e-05,1.918167743836257e-09,0.9999772928912841
404.9049049049049,2.270519053827802e-05,1.8724044174247648e-09,0.9999772929370578
405.4054054054054,2.2705190528194554e-05,1.8280041033376845e-09,0.9999772929814683
405.90590590590597,2.2705190518404923e-05,1.7848976213577542e-09,0.9999772930245845
406.40640640640646,2.2705190508815456e-05,1.7426725264076146e-09,0.9999772930668192
406.90690690690695,2.2705190499410646e-05,1.7012605151477873e-09,0.9999772931082406
407.40740740740745,2.270519049019049e-05,1.6606615875782724e-09,0.9999772931488486
407.90790790790794,2.2705190481154985e-05,1.62087574369907e-09,0.9999772931886436
408.40840840840843,2.2705190472304135e-05,1.5819029835101797e-09,0.9999772932276252
408.9089089089089,2.270519046363794e-05,1.543743307011602e-09,0.9999772932657935
409.4094094094094,2.27051904551564e-05,1.5063967142033366e-09,0.9999772933031486
409.90990990990997,2.2705190446859512e-05,1.4698632050853796e-09,0.9999772933396904
410.41041041041046,2.270519043874728e-05,1.4341427796577389e-09,0.999977293375419
410.91091091091096,2.2705190430819704e-05,1.3992354379204108e-09,0.9999772934103343
411.41141141141145,2.270519042307678e-05,1.365141179873395e-09,0.9999772934444362
411.91191191191194,2.2705190415518507e-05,1.3318600055166915e-09,0.9999772934777249
412.41241241241244,2.2705190408144892e-05,1.2993919148503005e-09,0.9999772935102004
412.91291291291293,2.270519040095593e-05,1.2677369078742218e-09,0.9999772935418626
413.4134134134134,2.2705190393951622e-05,1.2368949845884556e-09,0.9999772935727116
413.913913913914,2.270519038713197e-05,1.2068661449929982e-09,0.9999772936027472
414.41441441441447,2.270519038049697e-05,1.1776503890878568e-09,0.9999772936319696
414.91491491491496,2.2705190374046626e-05,1.1492477168730277e-09,0.9999772936603787
415.41541541541545,2.2705190367780933e-05,1.121658128348511e-09,0.9999772936879746
415.91591591591595,2.2705190361699897e-05,1.0948816235143066e-09,0.9999772937147572
416.41641641641644,2.2705190355803515e-05,1.0689182023704148e-09,0.9999772937407264
416.91691691691693,2.2705190350091785e-05,1.0437678649168352e-09,0.9999772937658825
417.4174174174175,2.270519034455377e-05,1.0193824323073344e-09,0.9999772937902734
417.917917917918,2.2705190339128655e-05,9.954941321382518e-10,0.9999772938141671
418.41841841841847,2.270519033380707e-05,9.720617069721939e-10,0.9999772938376049
418.91891891891896,2.2705190328589014e-05,9.490851568091607e-10,0.9999772938605866
419.41941941941946,2.270519032347449e-05,9.265644816491521e-10,0.9999772938831125
419.91991991991995,2.2705190318463497e-05,9.044996814921681e-10,0.9999772939051823
420.42042042042044,2.2705190313556035e-05,8.828907563382089e-10,0.9999772939267961
420.92092092092093,2.2705190308752105e-05,8.617377061872742e-10,0.999977293947954
421.4214214214215,2.2705190304051706e-05,8.410405310393621e-10,0.9999772939686559
421.921921921922,2.2705190299454834e-05,8.207992308944768e-10,0.9999772939889018
422.42242242242247,2.2705190294961497e-05,8.010138057526163e-10,0.9999772940086916
422.92292292292296,2.2705190290571688e-05,7.816842556137804e-10,0.9999772940280256
423.42342342342346,2.2705190286285413e-05,7.628105804779691e-10,0.9999772940469036
423.92392392392395,2.2705190282102666e-05,7.443927803451826e-10,0.9999772940653255
424.42442442442444,2.270519027802345e-05,7.264308552154207e-10,0.9999772940832915
424.92492492492494,2.2705190274047766e-05,7.089248050886834e-10,0.9999772941008016
425.4254254254255,2.2705190270175612e-05,6.91874629964969e-10,0.9999772941178556
425.925925925926,2.270519026640699e-05,6.752803298442811e-10,0.9999772941344537
426.4264264264265,2.2705190262741895e-05,6.591419047266179e-10,0.9999772941505958
426.92692692692697,2.2705190259180335e-05,6.434593546119794e-10,0.9999772941662819
427.42742742742746,2.2705190255722303e-05,6.282326795003656e-10,0.999977294181512
427.92792792792795,2.2705190252367805e-05,6.134618793917763e-10,0.9999772941962862
428.42842842842845,2.2705190249116835e-05,5.991469542862118e-10,0.9999772942106043
428.92892892892894,2.2705190244680453e-05,5.796123127131168e-10,0.9999772942301434
429.4294294294295,2.2705190239205994e-05,5.555067490278003e-10,0.9999772942542544
429.92992992993,2.2705190233794754e-05,5.31679550962144e-10,0.999977294278087
430.4304304304305,2.2705190228446734e-05,5.081307185161457e-10,0.9999772943016413
430.93093093093097,2.270519022316193e-05,4.848602516898047e-10,0.999977294324917
431.43143143143146,2.2705190217940344e-05,4.6186815048312115e-10,0.9999772943479143
431.93193193193196,2.2705190212781978e-05,4.3915441489609546e-10,0.9999772943706332
432.43243243243245,2.2705190207686827e-05,4.167190449287275e-10,0.9999772943930737
432.932932932933,2.2705190202654893e-05,3.9456204058101447e-10,0.9999772944152358
433.4334334334335,2.270519019768618e-05,3.7268340185296176e-10,0.9999772944371194
433.933933933934,2.270519019278068e-05,3.5108312874456666e-10,0.9999772944587245
434.4344344344345,2.2705190187938403e-05,3.29761221255829e-10,0.9999772944800512
434.934934934935,2.270519018315934e-05,3.0871767938674923e-10,0.9999772945010996
435.43543543543547,2.27051901784435e-05,2.87952503137327e-10,0.9999772945218695
435.93593593593596,2.2705190173790873e-05,2.674656925075622e-10,0.999977294542361
436.43643643643645,2.2705190169201465e-05,2.47257247497455e-10,0.999977294562574
436.936936936937,2.2705190164675274e-05,2.2732716810700346e-10,0.9999772945825086
437.4374374374375,2.27051901602123e-05,2.0767545433621162e-10,0.9999772946021648
437.937937937938,2.2705190155812548e-05,1.883021061850778e-10,0.9999772946215425
438.4384384384385,2.270519015147601e-05,1.692071236536012e-10,0.9999772946406418
438.938938938939,2.270519014720269e-05,1.5039050674178223e-10,0.9999772946594627
439.43943943943947,2.2705190142992592e-05,1.3185225544962108e-10,0.9999772946780051
439.93993993993996,2.270519013884571e-05,1.1359236977711761e-10,0.9999772946962692
440.44044044044045,2.2705190134762044e-05,9.561084972427155e-11,0.9999772947142548
440.940940940941,2.2705190130741595e-05,7.79076952910813e-11,0.999977294731962
441.4414414414415,2.2705190126784366e-05,6.048290647755049e-11,0.9999772947493907
441.941941941942,2.2705190122890352e-05,4.33364832836775e-11,0.9999772947665411
442.4424424424425,2.2705190119059558e-05,2.646842570946219e-11,0.9999772947834129
442.942942942943,2.2705190115291982e-05,9.878733754904292e-12,0.9999772948000064
443.44344344344347,2.2705190111587622e-05,-6.432592579995827e-12,0.9999772948163215
443.94394394394396,2.2705190107946482e-05,-2.246555329523848e-11,0.999977294832358
444.44444444444446,2.270519010436856e-05,-3.822014839082325e-11,0.9999772948481161
444.944944944945,2.2705190100853855e-05,-5.369637786675242e-11,0.999977294863596
445.4454454454455,2.270519009740237e-05,-6.88942417230219e-11,0.9999772948787973
445.945945945946,2.2705190094014098e-05,-8.381373995963385e-11,0.9999772948937201
446.4464464464465,2.2705190090689046e-05,-9.845487257658829e-11,0.9999772949083646
446.946946946947,2.270519008742721e-05,-1.1281763957388495e-10,0.9999772949227306
447.4474474474475,2.2705190084228597e-05,-1.2690204095152402e-10,0.9999772949368182
447.94794794794797,2.2705190081093196e-05,-1.407080767095056e-10,0.9999772949506274
448.4484484484485,2.2705190078021018e-05,-1.5423574684783088e-10,0.9999772949641581
448.948948948949,2.2705190075012055e-05,-1.6748505136649716e-10,0.9999772949774105
449.4494494494495,2.270519007206631e-05,-1.8045599026550579e-10,0.9999772949903843
449.94994994995,2.270519006918378e-05,-1.931485635448565e-10,0.9999772950030797
450.4504504504505,2.2705190066364472e-05,-2.055627712045499e-10,0.9999772950154968
450.950950950951,2.270519006360838e-05,-2.1769861324458565e-10,0.9999772950276354
451.4514514514515,2.2705190060915506e-05,-2.2955608966496376e-10,0.9999772950394956
451.95195195195197,2.270519005828585e-05,-2.41135200465684e-10,0.9999772950510774
452.4524524524525,2.2705190055719413e-05,-2.524359456467481e-10,0.9999772950623806
452.952952952953,2.270519005321619e-05,-2.634583252081532e-10,0.9999772950734055
453.4534534534535,2.270519005077619e-05,-2.742023391499007e-10,0.999977295084152
453.953953953954,2.2705190048399405e-05,-2.8466798747199057e-10,0.99997729509462
454.4544544544545,2.2705190046085836e-05,-2.9485527017442274e-10,0.9999772951048096
454.954954954955,2.2705190043835486e-05,-3.0476418725719745e-10,0.9999772951147208
455.4554554554555,2.2705190041648356e-05,-3.143947387203145e-10,0.9999772951243535
455.955955955956,2.270519003952444e-05,-3.237469245637738e-10,0.9999772951337078
456.4564564564565,2.2705190037463746e-05,-3.3282074478757646e-10,0.9999772951427837
456.956956956957,2.270519003546627e-05,-3.416161993917206e-10,0.9999772951515812
457.4574574574575,2.270519003353201e-05,-3.50133288376207e-10,0.9999772951601001
457.957957957958,2.2705190031660967e-05,-3.583720117410358e-10,0.9999772951683408
458.4584584584585,2.270519002985314e-05,-3.6633236948620703e-10,0.999977295176303
458.958958958959,2.2705190028108534e-05,-3.740143616117205e-10,0.9999772951839867
459.4594594594595,2.2705190026427147e-05,-3.814179881175765e-10,0.999977295191392
459.95995995996,2.2705190024808975e-05,-3.885432490037748e-10,0.9999772951985189
460.4604604604605,2.270519002325402e-05,-3.9539014427031616e-10,0.9999772952053673
460.960960960961,2.2705190021762286e-05,-4.019586739171992e-10,0.9999772952119373
461.4614614614615,2.2705190020333768e-05,-4.0824883794442455e-10,0.9999772952182289
461.961961961962,2.2705190018968466e-05,-4.142606363519923e-10,0.9999772952242421
462.4624624624625,2.2705190017666383e-05,-4.199940691399024e-10,0.9999772952299768
462.962962962963,2.270519001642752e-05,-4.2544913630815495e-10,0.9999772952354331
463.4634634634635,2.2705190015251872e-05,-4.3062583785674977e-10,0.999977295240611
463.963963963964,2.2705190014139443e-05,-4.35524173785687e-10,0.9999772952455105
464.4644644644645,2.2705190013090234e-05,-4.401441440949671e-10,0.9999772952501315
464.964964964965,2.270519001210424e-05,-4.4448574878458907e-10,0.9999772952544741
465.4654654654655,2.2705190011181465e-05,-4.485489878545534e-10,0.9999772952585382
465.965965965966,2.2705190010321906e-05,-4.5233386130486005e-10,0.9999772952623239
466.4664664664665,2.2705190009525567e-05,-4.5584036913550914e-10,0.9999772952658312
466.966966966967,2.2705190008792446e-05,-4.5906851134650055e-10,0.9999772952690601
467.4674674674675,2.270519000812254e-05,-4.6201828793783434e-10,0.9999772952720106
467.96796796796804,2.2705190007515856e-05,-4.646896989095108e-10,0.9999772952746826
468.46846846846853,2.2705190006972386e-05,-4.670827442615293e-10,0.9999772952770762
468.968968968969,2.2705190006492135e-05,-4.691974239938902e-10,0.9999772952791913
469.4694694694695,2.2705190006075103e-05,-4.710337381065935e-10,0.9999772952810281
469.96996996997,2.2705190005721287e-05,-4.725916865996391e-10,0.9999772952825864
470.4704704704705,2.2705190005430687e-05,-4.738712694730271e-10,0.9999772952838663
470.970970970971,2.270519000520331e-05,-4.748724867267575e-10,0.9999772952848677
471.4714714714715,2.2705190005039148e-05,-4.755953383608302e-10,0.9999772952855908
471.97197197197204,2.2705190004938202e-05,-4.760398243752454e-10,0.9999772952860353
472.47247247247253,2.2705190004900475e-05,-4.762059447700028e-10,0.9999772952862015
472.972972972973,2.2705190004925968e-05,-4.760936995451026e-10,0.9999772952860891
473.4734734734735,2.270519000501468e-05,-4.757030887005448e-10,0.9999772952856985
473.973973973974,2.2705190005166606e-05,-4.750341122363294e-10,0.9999772952850293
474.4744744744745,2.270519000538175e-05,-4.740867701524563e-10,0.9999772952840819
474.974974974975,2.270519000566011e-05,-4.728610624489256e-10,0.9999772952828558
475.4754754754755,2.2705190006001693e-05,-4.713569891257372e-10,0.9999772952813514
475.97597597597604,2.270519000640649e-05,-4.695745501828911e-10,0.9999772952795686
476.47647647647653,2.2705190006874506e-05,-4.675137456203875e-10,0.9999772952775073
476.976976976977,2.270519000740574e-05,-4.651745754382263e-10,0.9999772952751675
477.4774774774775,2.2705190008000192e-05,-4.6255703963640744e-10,0.9999772952725494
477.977977977978,2.2705190008657863e-05,-4.5966113821493096e-10,0.999977295269653
478.4784784784785,2.270519000937875e-05,-4.564868711737968e-10,0.9999772952664779
478.978978978979,2.2705190010162854e-05,-4.53034238513005e-10,0.9999772952630245
479.4794794794795,2.2705190011010178e-05,-4.493032402325557e-10,0.9999772952592927
479.97997997998004,2.2705190011920718e-05,-4.452938763324482e-10,0.9999772952552823
480.48048048048054,2.2705190012894477e-05,-4.410061468126835e-10,0.9999772952509937
480.98098098098103,2.2705190013931452e-05,-4.3644005167326123e-10,0.9999772952464265
481.4814814814815,2.2705190015031647e-05,-4.315955909141813e-10,0.999977295241581
481.981981981982,2.270519001619506e-05,-4.264727645354438e-10,0.999977295236457
482.4824824824825,2.270519001742169e-05,-4.2107157253704854e-10,0.9999772952310546
482.982982982983,2.2705190018711537e-05,-4.1539201491899573e-10,0.9999772952253737
483.48348348348355,2.27051900200646e-05,-4.0943409168128463e-10,0.9999772952194145
483.98398398398405,2.2705190021480884e-05,-4.031978028239165e-10,0.9999772952131768
484.48448448448454,2.2705190022960387e-05,-3.966831483468908e-10,0.9999772952066606
484.98498498498503,2.2705190024503105e-05,-3.898901282502074e-10,0.999977295199866
485.4854854854855,2.2705190026109042e-05,-3.8281874253386644e-10,0.9999772951927931
485.985985985986,2.2705190027778195e-05,-3.754689911978678e-10,0.9999772951854417
486.4864864864865,2.2705190029510567e-05,-3.678408742422116e-10,0.9999772951778118
486.986986986987,2.2705190031306158e-05,-3.599343916668977e-10,0.9999772951699035
487.48748748748756,2.2705190033164965e-05,-3.5174954347192526e-10,0.9999772951617169
487.98798798798805,2.2705190035011724e-05,-3.4361774453906036e-10,0.9999772951535832
488.48848848848854,2.2705190034241856e-05,-3.470076988477577e-10,0.999977295156974
488.98898898898904,2.2705190033489118e-05,-3.503222158655375e-10,0.9999772951602892
489.48948948948953,2.270519003275351e-05,-3.5356129559239966e-10,0.9999772951635291
489.98998998999,2.2705190032035037e-05,-3.5672493802834425e-10,0.9999772951666934
490.4904904904905,2.2705190031333694e-05,-3.5981314317337125e-10,0.9999772951697823
490.990990990991,2.2705190030649484e-05,-3.628259110274808e-10,0.9999772951727958
491.49149149149156,2.270519002998241e-05,-3.65763241590673e-10,0.9999772951757337
491.99199199199205,2.2705190029332463e-05,-3.686251348629473e-10,0.9999772951785962
492.49249249249254,2.2705190028699648e-05,-3.71411590844304e-10,0.9999772951813833
492.99299299299304,2.2705190028083967e-05,-3.741226095347431e-10,0.9999772951840951
493.49349349349353,2.2705190027485416e-05,-3.767581909342648e-10,0.9999772951867312
493.993993993994,2.2705190026904e-05,-3.7931833504286876e-10,0.9999772951892919
494.4944944944945,2.2705190026339716e-05,-3.8180304186055513e-10,0.9999772951917771
494.994994994995,2.270519002579256e-05,-3.8421231138732397e-10,0.999977295194187
495.49549549549556,2.270519002526254e-05,-3.8654614362317546e-10,0.9999772951965213
495.99599599599605,2.2705190024749652e-05,-3.888045385681092e-10,0.9999772951987803
496.49649649649655,2.2705190024253894e-05,-3.909874962221253e-10,0.9999772952009637
496.99699699699704,2.270519002377527e-05,-3.930950165852238e-10,0.9999772952030718
497.49749749749753,2.2705190023313776e-05,-3.9512709965740476e-10,0.9999772952051043
497.997997997998,2.2705190022869415e-05,-3.970837454386681e-10,0.9999772952070614
498.4984984984985,2.2705190022442185e-05,-3.9896495392901393e-10,0.999977295208943
498.99899899899907,2.270519002203209e-05,-4.0077072512844236e-10,0.9999772952107492
499.49949949949956,2.2705190021639124e-05,-4.02501059036953e-10,0.9999772952124799
500.0,2.2705190021263292e-05,-4.041559556545459e-10,0.9999772952141351
