0.0,0.8,0.2,0.0
0.2002002002002002,0.7770049212783348,0.21632878408415154,0.006666294637513936
0.4004004004004004,0.7529153186451445,0.23321977591732446,0.013864905437531262
0.6006006006006006,0.727823485142889,0.2505643651634812,0.021612149693630185
0.8008008008008008,0.7018425901488831,0.268236827110518,0.029920582740599323
1.001001001001001,0.6751050328191989,0.2860964744630365,0.03879849271776503
1.2012012012012012,0.6477600426692828,0.30399050021310436,0.04824945711761332
1.4014014014014016,0.6199703531148046,0.3217576382538056,0.05827200863139004
1.6016016016016017,0.591908261483122,0.3392323012350124,0.06885943728186587
1.8018018018018018,0.5637511468050048,0.3562491324685669,0.07999972072642852
2.002002002002002,0.5356767773627146,0.372647618609559,0.0916756040277265
2.2022022022022023,0.5078586349145114,0.3882765388952929,0.10386482619019574
2.4024024024024024,0.480461523571911,0.40299798914690343,0.11654048728118561
2.6026026026026026,0.4536377099587698,0.4166907607534954,0.12967152928773493
2.802802802802803,0.42752376210457893,0.42925292311904745,0.14322331477637373
3.0030030030030033,0.40223821003098587,0.44060351609041215,0.15715827387860215
3.2032032032032034,0.37788007677397567,0.45068333226262913,0.1714365909633954
3.4034034034034035,0.354528264033002,0.4594548336906578,0.1860169022763403
3.6036036036036037,0.3322417208528886,0.4669013008492046,0.20085697829790686
3.8038038038038042,0.31106028261694363,0.4730253490724706,0.21591436831058575
4.004004004004004,0.29100604249503714,0.4778469681257291,0.23114698937923378
4.2042042042042045,0.27208510794111995,0.4814012450164461,0.24651364704243403
4.404404404404405,0.2542895985783708,0.4837359213900236,0.2619744800316056
4.604604604604605,0.23759975557794932,0.48490891851389034,0.27749132590816034
4.804804804804805,0.22198605284170295,0.48498593876216334,0.29302800839613374
5.005005005005005,0.2074112185393864,0.48403823373373733,0.3085505477268763
5.205205205205205,0.19383213049072523,0.4821405553033052,0.3240273142059696
5.405405405405406,0.18120148788403848,0.479369412126244,0.3394290999897176
5.605605605605606,0.16946929950810322,0.47580154436660405,0.3547291561252928
5.805805805805806,0.15858414763568754,0.471512673402156,0.3699031789621565
6.0060060060060065,0.1484942390356451,0.46657650046115373,0.38492926050320125
6.206206206206207,0.13914825467353598,0.4610639348130147,0.3997878105134493
6.406406406406407,0.1304960144926063,0.45504252843908805,0.4144614570683057
6.606606606606607,0.12248899297270778,0.44857607405756367,0.4289349329697287
6.806806806806807,0.11508069033125023,0.4417243587843438,0.44319495088440614
7.007007007007007,0.10822688674228566,0.4345430405943607,0.45723007266335375
7.207207207207207,0.10188580094614712,0.42708362268619593,0.4710305763676571
7.407407407407407,0.09601816724758708,0.4193935089027981,0.484588323849615
7.6076076076076085,0.09058725657604626,0.41151611221696166,0.4978966312069923
7.807807807807809,0.08555884720497789,0.40349100952443206,0.5109501432705902
8.008008008008009,0.08090115881264127,0.39535412758570465,0.5237447136016542
8.208208208208209,0.07658476086111096,0.38713794839146437,0.5362772907474248
8.408408408408409,0.07258246251239148,0.37887172603894237,0.5485458114486663
8.608608608608609,0.06886919152181115,0.3705817072543353,0.5605491012238538
8.80880880880881,0.06542186705866858,0.36229135113196426,0.5722867818093674
9.00900900900901,0.06221927387117231,0.3540215449974678,0.5837591811313602
9.20920920920921,0.05924192476775816,0.34579081401225814,0.5949672612199839
9.40940940940941,0.056471941456664926,0.337615516919567,0.6059125416237683
9.60960960960961,0.05389292859977437,0.3295100393547029,0.616597032045523
9.80980980980981,0.05148986155672207,0.32148696194367793,0.6270231764996004
10.01001001001001,0.04924897278340201,0.31355723415015185,0.6371937930664464
10.21021021021021,0.04715765084555668,0.3057303217955793,0.6471120273588644
10.41041041041041,0.04520434500532376,0.2980143480381683,0.6567813069565084
10.61061061061061,0.04337847232588245,0.29041622910785403,0.6662052985662639
10.810810810810812,0.04167034100582987,0.28294178395161707,0.6753878750425535
11.011011011011012,0.0400710597088651,0.2755958667802603,0.6843330735108749
11.211211211211213,0.03857248551981886,0.2683824383303147,0.6930450761498669
11.411411411411413,0.037167159117216186,0.2613046550436832,0.7015281858391009
11.611611611611613,0.03584822719419136,0.2543649864855643,0.7097867863202447
11.811811811811813,0.03460940415166655,0.247565262632691,0.7178253332156429
12.012012012012013,0.033444916735275484,0.24090675277080928,0.7256483304939156
12.212212212212213,0.03234946103945633,0.2343902243002992,0.7332603146602449
12.412412412412413,0.031318161590661656,0.22801599850362933,0.7406658399057094
12.612612612612613,0.030346533523316135,0.22178400220388012,0.7478694642728042
12.812812812812814,0.02943044949235627,0.215693812313122,0.7548757381945221
13.013013013013014,0.028566107167424658,0.20974470016421157,0.7616891926683643
13.213213213213214,0.027750003338428746,0.2039356650835765,0.7683143315779953
13.413413413413414,0.02697890573508285,0.1982654718901122,0.7747556223748054
13.613613613613614,0.026249832374466864,0.19273267750227766,0.781017490123256
13.813813813813814,0.02556002733865404,0.18733566288485637,0.7871043097764902
14.014014014014014,0.024906946452621877,0.18207265010120927,0.7930204034461694
14.214214214214214,0.024288235214128203,0.1769417313506067,0.7987700334352656
14.414414414414415,0.02370171274703301,0.17194088902762014,0.8043573982253474
14.614614614614615,0.023145361685563963,0.16706800691119805,0.8097866314032386
14.814814814814815,0.022617309487322497,0.16232089417679346,0.8150617963358846
15.015015015015017,0.022115820451779778,0.15769729377549707,0.8201868857727238
15.215215215215217,0.021639283934132413,0.15319489644485446,0.8251658196210138
15.415415415415417,0.02118620163266879,0.14881135616029934,0.8300024422070326
15.615615615615617,0.02075518260891885,0.14454429423519788,0.8347005231558839
15.815815815815817,0.020344931673298004,0.1403913133020637,0.8392637550246389
16.016016016016017,0.019954242934311427,0.13635000374266404,0.8436957533230252
16.216216216216218,0.019581993870970198,0.13241794939648227,0.8480000567325482
16.416416416416418,0.019227136489117277,0.12859273755645032,0.852180125954433
16.616616616616618,0.018888693924728993,0.12487196114154324,0.8562393449337284
16.816816816816818,0.01856575396546791,0.12125322539409807,0.8601810206404347
17.017017017017018,0.01825746371048154,0.11773415297334625,0.8640083833161728
17.217217217217218,0.0179630265030454,0.11431238576383215,0.8677245877331231
17.41741741741742,0.017681695912542914,0.11098559103911285,0.8713327130483449
17.61761761761762,0.017412773659378877,0.10775146196194478,0.8748357643786769
17.81781781781782,0.017155606725322608,0.10460771931051138,0.8782366739641667
18.01801801801802,0.01690958140519028,0.10155211772523202,0.8815383008695784
18.21821821821822,0.016674121682138134,0.0985824456962244,0.8847434326216381
18.41841841841842,0.0164486879641844,0.09569652507813646,0.8878547869576798
18.61861861861862,0.01623277292001313,0.09289221484067378,0.8908750122393138
18.81881881881882,0.01602589901792577,0.09016741241188965,0.8938066885701852
19.01901901901902,0.01582761803903426,0.08752005225092085,0.8966523297100456
19.21921921921922,0.015637508169695967,0.0849481079298677,0.899414383900437
19.41941941941942,0.015455171237141503,0.08244959406991617,0.902095234692943
19.61961961961962,0.01528023279044954,0.08002256420395229,0.9046972030055989
19.81981981981982,0.015112339995747471,0.07766511185381648,0.9072225481504368
20.02002002002002,0.014951159229022112,0.07537537209340611,0.9096734686775725
20.22022022022022,0.014796376005115307,0.07315151977715556,0.9120521042177299
20.42042042042042,0.014647693579125043,0.07099176973035409,0.9143605366905215
20.62062062062062,0.01450483098836122,0.06889437772371147,0.916600791287928
20.82082082082082,0.014367522757065647,0.06685763920569904,0.918774838037236
21.02102102102102,0.01423551801060756,0.0648798888789511,0.920884593110442
21.22122122122122,0.014108578973826549,0.06295950118177433,0.9229319198443998
21.421421421421424,0.01398648045441378,0.06109488942595097,0.9249186301196359
21.621621621621625,0.013869009318355356,0.059284504985995634,0.9268464856956498
21.821821821821825,0.013755963220067106,0.057526837534885494,0.9287171992450481
22.022022022022025,0.013647150110190655,0.055820414270263616,0.9305324356195465
22.222222222222225,0.013542388131480306,0.05416379865788643,0.932293813210634
22.422422422422425,0.013441504975434806,0.052555589925359865,0.9340029050992061
22.622622622622625,0.013344336791285622,0.05099442318843431,0.9356612400202808
22.822822822822825,0.013250726893369615,0.049478969880207134,0.937270303226424
23.023023023023026,0.013160527007053443,0.04800793482460882,0.9388315381683385
23.223223223223226,0.01307359630384359,0.046580056295444,0.9403463474007132
23.423423423423426,0.012989800864868587,0.04519410551316498,0.9418160936219673
23.623623623623626,0.01290901243974279,0.04384888703305572,0.9432421005272024
23.823823823823826,0.012831109247590268,0.0425432366525795,0.9446256540998311
24.024024024024026,0.012755975441444018,0.04127602098832266,0.9459680035702343
24.224224224224226,0.012683500749446379,0.04004613686100476,0.9472703623895498
24.424424424424426,0.012613579492228511,0.03885251144281659,0.9485339090649558
24.624624624624627,0.012546110950432175,0.037694100830619526,0.9497597882189492
24.824824824824827,0.012480999187320794,0.03656988929088799,0.9509491115217921
25.025025025025027,0.012418152731220669,0.03547888869642861,0.9521029585723516
25.225225225225227,0.012357483975190231,0.03442013829390482,0.9532223777309059
25.425425425425427,0.012298909111449544,0.03339270389886437,0.954308386989687
25.625625625625627,0.012242348216498023,0.032395676946629204,0.9553619748368737
25.825825825825827,0.012187724952284805,0.03142817399533214,0.9563841010523839
26.026026026026027,0.012134966242834899,0.030489336231430866,0.9573756975257351
26.226226226226228,0.01208400195650647,0.029578328988866066,0.9583376690546284
26.426426426426428,0.012034765131966125,0.028694340820192305,0.9592708940478425
26.626626626626628,0.011987191709287501,0.027836583010782057,0.9601762252799314
26.826826826826828,0.011941220350948639,0.027004289031021558,0.9610544906180307
27.027027027027028,0.011896792096775218,0.02619671414018581,0.9619064937630398
27.227227227227228,0.01185385054286268,0.025413134584852465,0.9627330148722858
27.42742742742743,0.011812341662876437,0.024652847103815198,0.9635348112333093
27.62762762762763,0.011772213672866443,0.023915168407430954,0.9643126179197036
27.82782782782783,0.01173341665405747,0.023199434797650534,0.9650671485482929
28.02802802802803,0.011695902812764617,0.02250500146035716,0.9657990957268792
28.22822822822823,0.01165962637542276,0.02183124196829931,0.9665091316562788
28.42842842842843,0.01162454347562817,0.021177547802890027,0.9671979087214827
28.62862862862863,0.011590612102825207,0.02054332785746549,0.9678660600397102
28.82882882882883,0.01155779201359343,0.01992800797072622,0.9685142000156812
29.02902902902903,0.011526043892011617,0.019331030806621328,0.9691429253013679
29.22922922922923,0.011495330089999735,0.018751855047532826,0.9697528148624682
29.42942942942943,0.011465614625830869,0.018189954929872583,0.9703444304442974
29.62962962962963,0.011436862954478379,0.017644819894416245,0.9709183171511062
29.82982982982983,0.011409041928627227,0.017115954165733315,0.9714750039056402
30.030030030030034,0.011382119751125522,0.016602876343101335,0.9720150039057739
30.230230230230234,0.011356065428390403,0.016105119033982557,0.9725388155376278
30.430430430430434,0.011330849149051105,0.015622228439817134,0.9730469224111326
30.630630630630634,0.01130644238969795,0.015153763970049309,0.9735397936402534
30.830830830830834,0.011282817723260717,0.014699297885937452,0.9740178843908026
31.031031031031034,0.011259948788768308,0.014258414945080336,0.9744816362661521
31.231231231231234,0.011237810262448914,0.013830712055386992,0.9749314776821649
31.431431431431434,0.01121637751301386,0.013415797828145453,0.9753678246588415
31.631631631631635,0.01119562675863088,0.013013292314615576,0.9757910809267544
31.831831831831835,0.011175535219981944,0.01262282675023683,0.9762016380297821
32.032032032032035,0.011156080962308778,0.012244043199606348,0.9765998758380857
32.232232232232235,0.011137242871292507,0.011876594256997481,0.9769861628717108
32.432432432432435,0.011119000632039447,0.011520142756859121,0.9773608566111023
32.632632632632635,0.011101334531007184,0.0111743613382999,0.9777243041306937
32.832832832832835,0.011084225480442696,0.010838932209524813,0.9780768423100333
33.033033033033036,0.011067655173091143,0.010513547032357531,0.9784187977945521
33.233233233233236,0.01105160596024058,0.010197906574505504,0.9787504874652547
33.433433433433436,0.01103606083270992,0.009891720458249395,0.9790722187090415
33.633633633633636,0.011021003404112151,0.00959470691839382,0.9793842896774948
33.833833833833836,0.011006417796279465,0.00930659240553771,0.9796869897981836
34.034034034034036,0.010992288601056376,0.009027111319937404,0.979980600079007
34.234234234234236,0.010978601024371697,0.008756006049398099,0.9802653929262309
34.434434434434436,0.010965340790598441,0.00849302662015748,0.9805416325892449
34.63463463463464,0.01095249412710883,0.008237930484629265,0.9808095753882627
34.83483483483484,0.010940047750764183,0.007990482317850694,0.9810694699313859
35.03503503503504,0.010927988802025076,0.007750453699988507,0.9813215574979872
35.23523523523524,0.010916304787203516,0.007517622821792259,0.981566072391005
35.43543543543544,0.010904983694458878,0.007291774587555118,0.9818032417179867
35.63563563563564,0.010894013924482792,0.007072700303467408,0.9820332857720505
35.83583583583584,0.010883384277045665,0.0068601974968502885,0.9822564182261048
36.03603603603604,0.010873083940110235,0.006654069745727203,0.9824728463141633
36.23623623623624,0.010863102439359678,0.006454126388000381,0.9826827711726407
36.43643643643644,0.010853429572198203,0.006260182185545785,0.9828863882422567
36.63663663663664,0.010844055541416684,0.0060720576168886925,0.9830838868416953
36.83683683683684,0.010834970886622004,0.0058895785403044795,0.9832754505730743
37.03703703703704,0.010826166472449519,0.005712576038206917,0.9834612574893443
37.23723723723724,0.010817633481405839,0.00554088627955931,0.9836414802390356
37.43743743743744,0.010809363407697344,0.005374350388899003,0.9838162862034044
37.63763763763764,0.010801348052044425,0.005212814321975272,0.983985837625981
37.83783783783784,0.010793579381430652,0.005056128243927009,0.9841502923746431
38.03803803803804,0.010786049534245784,0.004904146449111531,0.9843098040166435
38.23823823823824,0.010778751016061195,0.004756727990195194,0.9844645209937444
38.43843843843844,0.01077167658111496,0.004613736145747107,0.9846145872731387
38.63863863863864,0.010764819225708015,0.004475038305429092,0.9847601424688637
38.83883883883884,0.010758172182465277,0.004340505861351489,0.9849013219561841
39.03903903903904,0.010751728915242979,0.004210014104784431,0.9850382569799734
39.23923923923924,0.010745483112778694,0.0040834421187219555,0.9851710747685002
39.43943943943944,0.010739428578420408,0.003960672153789386,0.985299899267791
39.63963963963964,0.010733559313946355,0.0038415899752051994,0.9854248507108493
39.83983983983984,0.010727869556930917,0.0037260849799686793,0.9855460454631012
40.04004004004004,0.010722353733332718,0.003614049892955696,0.9856635963737125
40.24024024024024,0.010717006452812539,0.0035053806784565134,0.9857776128687318
40.44044044044044,0.010711822504507532,0.0033999764561209746,0.9858882010393724
40.64064064064064,0.010706796853261733,0.0032977394213110733,0.985995463725428
40.84084084084084,0.010701924628946853,0.003198574724516263,0.9860995006465377
41.04104104104104,0.010697201038939131,0.003102389879322436,0.9862004090817392
41.24124124124124,0.010692621469961736,0.0030090953376976756,0.9862982831923414
41.44144144144144,0.01068818147439732,0.0029186043556845313,0.986393214169919
41.64164164164164,0.010683876748003964,0.0028308328077705416,0.9864852904442263
41.84184184184184,0.010679703126317304,0.0027456991178879215,0.9865745977557956
42.04204204204204,0.01067565658136994,0.002663124193964797,0.9866612192246661
42.24224224224224,0.010671733218728118,0.0025830313660279765,0.9867452354152447
42.44244244244244,0.010667929262565129,0.0025053462285699693,0.9868267245088657
42.64264264264264,0.010664241004518257,0.002429996191095597,0.9869057628043869
42.84284284284285,0.01066066488238285,0.0023569110793770303,0.9869824240382409
43.04304304304305,0.010657197452413733,0.002286022877519776,0.9870567796700672
43.24324324324325,0.010653835380514048,0.002217265623718083,0.9871288989957686
43.44344344344345,0.010650575439454113,0.0021505753557492587,0.9871988492047974
43.64364364364365,0.010647414506315333,0.0020858900592737486,0.9872666954344117
43.84384384384385,0.010644349560159142,0.0020231496189410006,0.9873325008209006
44.04404404404405,0.010641377664655893,0.001962295637845404,0.9873963266974995
44.24424424424425,0.010638495947770858,0.0019032712318849323,0.9874582328203451
44.44444444444445,0.010635701648943108,0.0018460214194242798,0.9875182769316334
44.64464464464465,0.010632992095442736,0.0017904928879807313,0.9875765150165774
44.84484484484485,0.010630364699016844,0.0017366339404383143,0.9876330013605457
45.04504504504505,0.010627816953776096,0.0016843944530124902,0.9876877885932123
45.24524524524525,0.01062534643424626,0.0016337258354918757,0.9877409277302627
45.44544544544545,0.01062295079358475,0.0015845809937569814,0.9877924682126591
45.64564564564565,0.010620627743343025,0.0015369140933495099,0.9878424581633083
45.84584584584585,0.010618375055219368,0.001490680561196695,0.9878909443835848
46.04604604604605,0.010616190583882473,0.001445837315551595,0.9879379721005668
46.24624624624625,0.010614072250985002,0.0014023425769883573,0.9879835851720276
46.44644644644645,0.010612018043398078,0.0013601558335838164,0.988027826123019
46.64664664664665,0.010610026011573298,0.0013192378079710176,0.9880707361804566
46.84684684684685,0.010608094268025456,0.0012795504261911624,0.9881123553057842
47.04704704704705,0.0106062209855089,0.0012410567832073932,0.9881527222312846
47.24724724724725,0.010604404376996593,0.0012037208899073266,0.9881918747330969
47.44744744744745,0.010602642711398767,0.0011675078502901958,0.9882298494383119
47.64764764764765,0.010600934318164622,0.001132383905297877,0.9882666817765383
47.84784784784785,0.010599277578791238,0.0010983163195257399,0.9883024061016839
48.04804804804805,0.01059767092551142,0.0010652733546211946,0.9883370557198683
48.24824824824825,0.010596112840075049,0.0010332242441530898,0.9883706629157727
48.44844844844845,0.010594601852623904,0.0010021391699519603,0.988403258977425
48.64864864864865,0.010593136540659968,0.0009719892399211255,0.9884348742194198
48.84884884884885,0.010591715514513876,0.0009427462904626478,0.9884655381950244
49.04904904904905,0.010590337420371946,0.0009143829176036061,0.9884952796620253
49.24924924924925,0.010589000955638512,0.0008868726688658668,0.9885241263754965
49.44944944944945,0.010587704857949439,0.000860189892578785,0.9885521052494727
49.64964964964965,0.010586447904119311,0.0008343097166887782,0.9885792423791928
49.84984984984985,0.010585228909156493,0.0008092080287066252,0.9886055630621378
50.050050050050054,0.010584046725345816,0.0007848614567890243,0.988631091817866
50.250250250250254,0.010582900241398852,0.0007612473519544117,0.9886558524066477
50.450450450450454,0.010581788376236231,0.000738343691958573,0.9886798679318061
50.650650650650654,0.010580710073421578,0.0007161289948432076,0.9887031609317362
50.850850850850854,0.010579664316067968,0.0006945825319628594,0.9887257531519701
51.051051051051054,0.01057865011884098,0.000673684206282571,0.9887476656748774
51.251251251251254,0.010577666526879078,0.0006534145319610418,0.9887689189411608
51.451451451451454,0.010576712615029812,0.0006337546186970448,0.988789532766274
51.651651651651655,0.010575787487137387,0.0006146861569726032,0.9888095263558909
51.851851851851855,0.010574890275381596,0.0005961914041929235,0.9888289183204264
52.052052052052055,0.010574020137228255,0.0005782531340720206,0.9888477267287007
52.252252252252255,0.010573176247399056,0.0005608545092637086,0.9888659692433382
52.452452452452455,0.010572357811132457,0.0005439792826527447,0.9888836629062158
52.652652652652655,0.010571564058797653,0.00052761171099721,0.9889008242302061
52.852852852852855,0.010570794244465226,0.0005117365297331941,0.9889174692258026
53.053053053053056,0.01057004764530444,0.0004963389406398187,0.9889336134140567
53.253253253253256,0.010569323561019063,0.00048140460020325347,0.9889492718387787
53.453453453453456,0.010568621313321768,0.0004669196086797269,0.9889644590779995
53.653653653653656,0.0105679402446024,0.0004528704858275759,0.9889791892695711
53.853853853853856,0.010567279710676877,0.0004392440483741934,0.98899347624095
54.054054054054056,0.010566639089792962,0.0004260275575755027,0.9890073333526326
54.254254254254256,0.010566017780403668,0.0004132086802597294,0.9890207735393376
54.454454454454456,0.010565415199401,0.00040077545757602755,0.989033809343024
54.65465465465466,0.010564830781638501,0.0003887162952094309,0.9890464529231531
54.85485485485486,0.010564263979482853,0.0003770199541372334,0.989058716066381
55.05505505505506,0.010563714262394563,0.00036567554192679894,0.9890706101956797
55.25525525525526,0.01056318111635815,0.00035467250149883117,0.9890821463821441
55.45545545545546,0.01056266403879088,0.00034400052246843366,0.9890933354387418
55.65565565565566,0.010562162543051458,0.00033364961700438556,0.9891041878399452
55.85585585585586,0.010561676158794601,0.0003236101245598445,0.9891147137166466
56.05605605605606,0.010561204430070071,0.00031387267800299173,0.989124922891928
56.25625625625626,0.010560746914951104,0.0003044281959937517,0.9891348248890562
56.45645645645646,0.010560303185185261,0.00029526787578845157,0.9891444289390273
56.65665665665666,0.010559872825867737,0.00028638318647242173,0.989153743987661
56.85685685685686,0.010559455435130519,0.00027776586250204073,0.9891627787023685
57.05705705705706,0.010559050620709795,0.0002694078409930001,0.9891715415382982
57.25725725725726,0.010558658001333035,0.0002613012859182881,0.9891800407127498
57.45745745745746,0.010558277209109058,0.00025343863041026195,0.9891882841604818
57.65765765765766,0.01055790788737408,0.00024581253716979723,0.9891962795754572
57.85785785785786,0.010557549690397936,0.00023841589243285438,0.9892040344171703
58.05805805805806,0.010557202283107367,0.00023124180026811586,0.9892115559166256
58.25825825825826,0.010556865340826381,0.00022428357720569368,0.9892188510819689
58.45845845845846,0.010556538549033684,0.0002175347471969076,0.9892259267037705
58.65865865865866,0.010556221601614043,0.00021098900873780214,0.9892327893896492
58.85885885885886,0.01055591419993433,0.00020464021725853036,0.9892394455828082
59.05905905905906,0.010555616056118974,0.00019848244518956727,0.9892459014986925
59.25925925925926,0.010555326891090244,0.00019250994522779062,0.989252163163683
59.45945945945946,0.010555046434304915,0.00018671714498950454,0.9892582364207066
59.65965965965966,0.010554774423536384,0.0001810986425195621,0.9892641269339452
59.85985985985987,0.010554510604669913,0.00017564920205875986,0.9892698401932725
60.06006006006007,0.010554254731511,0.0001703637500695057,0.9892753815184205
60.26026026026027,0.010554006564930666,0.00016523735872949857,0.9892807560763409
60.46046046046047,0.010553765871182903,0.00016026521377768952,0.9892859689150405
60.66066066066067,0.010553532424884299,0.0001554426705512224,0.9892910249045656
60.86086086086087,0.010553306007637424,0.0001507652276377277,0.9892959287647259
61.06106106106107,0.010553086407717164,0.000146228520642239,0.9893006850716417
61.26126126126127,0.01055287341990015,0.00014182831867082024,0.9893052982614301
61.46146146146147,0.010552666845304393,0.0001375605210166312,0.98930977263368
61.66166166166167,0.010552466491239056,0.00013342115404843037,0.9893141123547136
61.86186186186187,0.010552272168526784,0.00012940631760320802,0.9893183215138711
62.06206206206207,0.010552083700071366,0.00012551235786780553,0.989322403942062
62.26226226226227,0.010551900905096868,0.00012173554945365395,0.9893263635454506
62.46246246246247,0.010551723612971681,0.00011807237297069802,0.9893302040140587
62.66266266266267,0.0105515516581461,0.00011451941360859051,0.9893339289282465
62.86286286286287,0.010551384880057862,0.00011107335916560576,0.9893375417607776
63.06306306306307,0.010551223123037697,0.0001077309980775531,0.9893410458788858
63.26326326326327,0.01055106623621486,0.00010448921744669048,0.9893444445463395
63.46346346346347,0.0105509140733097,0.00010134499886376724,0.9893477409278277
63.66366366366367,0.01055076649068483,9.829538021398059e-05,0.9893509381291024
63.86386386386387,0.010550623349722774,9.53375019957227e-05,0.9893540391482827
64.06406406406407,0.010550484516627304,9.246860331373789e-05,0.9893570468800601
64.26426426426427,0.010550349861760813,8.96860088097959e-05,0.9893599641294305
64.46446446446447,0.010550219259540241,8.698712650370807e-05,0.9893627936139572
64.66466466466467,0.010550092588332997,8.436944563434337e-05,0.9893655379660338
64.86486486486487,0.010549969730352887,8.183053450064457e-05,0.9893681997351477
65.06506506506507,0.010549850571556024,7.936803830264437e-05,0.9893707813901425
65.26526526526527,0.010549735001536758,7.697967698248153e-05,0.9893732853214819
65.46546546546547,0.01054962291334571,7.466324156816715e-05,0.9893757138450873
65.66566566566567,0.01054951420092452,7.241654470256718e-05,0.9893780692543741
65.86586586586587,0.01054940876184527,7.023747314607307e-05,0.9893803537650098
66.06606606606607,0.010549306497632955,6.812399381736476e-05,0.9893825695085509
66.26626626626627,0.010549207312703257,6.607413321565486e-05,0.9893847185540823
66.46646646646647,0.010549111114245377,6.408597500987432e-05,0.9893868029107459
66.66666666666667,0.010549017812104843,6.215765762785797e-05,0.9893888245302684
66.86686686686687,0.01054892731866634,6.028737184553014e-05,0.9893907853094893
67.06706706706707,0.010548839548736533,5.847335837609025e-05,0.9893926870928885
67.26726726726727,0.010548754419426883,5.671390545919847e-05,0.989394531675115
67.46746746746747,0.010548671850077383,5.500734729635961e-05,0.9893963208026275
67.66766766766767,0.01054859176551563,5.3352131470588756e-05,0.989398056103015
67.86786786786787,0.010548514092725513,5.174675005809017e-05,0.9893997391572176
68.06806806806807,0.010548438759157407,5.01897046910818e-05,0.9894013715361527
68.26826826826827,0.010548365694312018,4.867953932903897e-05,0.9894029547663602
68.46846846846847,0.01054829482964242,4.721483824514961e-05,0.9894044903321136
68.66866866866867,0.010548226098456072,4.5794224012769416e-05,0.9894059796775324
68.86886886886887,0.010548159435816863,4.441635549187708e-05,0.9894074242086924
69.06906906906907,0.010548094778447127,4.30799258155295e-05,0.9894088252957386
69.26926926926927,0.010548032064629679,4.178366037631693e-05,0.9894101842749952
69.46946946946947,0.010547971234116216,4.0526314943293414e-05,0.9894115024509417
69.66966966966967,0.010547912232180228,3.9306758643954047e-05,0.9894127810091771
69.86986986986987,0.010547855006654254,3.8123913290022467e-05,0.9894140210800569
70.07007007007007,0.010547799504205759,3.6976677113328785e-05,0.9894152238186822
70.27027027027027,0.010547745673027624,3.586397984996164e-05,0.9894163903471236
70.47047047047047,0.010547693462766659,3.478478126908279e-05,0.9894175217559655
70.67067067067067,0.010547642824452119,3.3738069701741796e-05,0.9894186191058474
70.87087087087087,0.010547593710424226,3.272286056969056e-05,0.9894196834290073
71.07107107107107,0.010547546074262674,3.173819491419798e-05,0.9894207157308244
71.27127127127127,0.010547499870715158,3.0783137924864556e-05,0.9894217169913612
71.47147147147147,0.010547455055625876,2.9856777468437008e-05,0.9894226881669069
71.67167167167167,0.010547411588111994,2.895826868879357e-05,0.9894236301432004
71.87187187187187,0.010547369429776294,2.808681786446436e-05,0.9894245437523604
72.07207207207207,0.010547328541310848,2.724161279483379e-05,0.9894254298458955
72.27227227227228,0.010547288884505514,2.642186395804086e-05,0.9894262892515376
72.47247247247248,0.010547250422197221,2.5626803465455526e-05,0.9894271227743385
72.67267267267268,0.010547213118215512,2.4855683939501725e-05,0.9894279311978462
72.87287287287288,0.010547176937328094,2.410777739148048e-05,0.9894287152852816
73.07307307307308,0.01054714184518638,2.3382374099392968e-05,0.9894294757807154
73.27327327327328,0.010547107808271037,2.267878148576357e-05,0.9894302134102444
73.47347347347348,0.010547074793837524,2.199632299546299e-05,0.9894309288831682
73.67367367367368,0.010547042771530053,2.1334371284394494e-05,0.9894316228571868
73.87387387387388,0.010547011713591285,2.0692352529796568e-05,0.9894322959338802
74.07407407407408,0.010546981591072705,2.006966849386082e-05,0.9894329487404346
74.27427427427428,0.010546952375813011,1.946573720728428e-05,0.9894335818869809
74.47447447447448,0.010546924040429903,1.8879992798016435e-05,0.9894341959667733
74.67467467467468,0.010546896558280987,1.8311884684944553e-05,0.9894347915570353
74.87487487487488,0.010546869903424681,1.7760876771579018e-05,0.989435369219805
75.07507507507508,0.010546844050581112,1.722644663973865e-05,0.9894359295027804
75.27527527527528,0.01054681897509303,1.670808474323605e-05,0.989436472940165
75.47547547547548,0.01054679465288671,1.6205293601562928e-05,0.989437000053513
75.67567567567568,0.010546771061522941,1.5717609439130914e-05,0.9894375113290391
75.87587587587588,0.01054674818091314,1.5244616928905024e-05,0.9894380072021591
76.07607607607608,0.01054672598979916,1.4785876708583223e-05,0.9894384881334934
76.27627627627628,0.010546704467442604,1.434096016336795e-05,0.9894389545723952
76.47647647647648,0.010546683593664386,1.3909450238695517e-05,0.9894394069560981
76.67667667667668,0.01054666334881418,1.3490940810476255e-05,0.9894398457103765
76.87687687687688,0.010546643713739921,1.3085036055334673e-05,0.989440271250206
77.07707707707708,0.010546624669757275,1.2691349820849618e-05,0.9894406839804231
77.27727727727728,0.010546606198619114,1.2309504995794436e-05,0.9894410842963862
77.47747747747748,0.010546588282485007,1.1939132880377124e-05,0.9894414725846358
77.67767767767768,0.010546570903890688,1.1579872556480493e-05,0.989441849223554
77.87787787787788,0.010546554045928028,1.123137459493564e-05,0.9894422145794782
78.07807807807808,0.01054653769488756,1.0893355503106681e-05,0.9894425689496105
78.27827827827828,0.010546521836312389,1.0565516415923509e-05,0.9894429126472729
78.47847847847848,0.01054650645542708,1.024755193231061e-05,0.9894432459926418
78.67867867867868,0.010546491537869001,9.939165183216561e-06,0.989443569296949
78.87887887887888,0.010546477069667493,9.64006740163952e-06,0.9894438828629321
79.07907907907908,0.010546463037223048,9.349977492652703e-06,0.9894441869852855
79.27927927927928,0.010546449427286483,9.0686216034299e-06,0.9894444819511112
79.47947947947948,0.010546436226938113,8.795732693270936e-06,0.9894447680403697
79.67967967967968,0.010546423423566932,8.531050103627187e-06,0.9894450455263306
79.87987987987988,0.010546411004849779,8.274319128127047e-06,0.9894453146760233
80.08008008008008,0.01054639895873052,8.02529058260144e-06,0.989445575750688
80.28028028028028,0.010546387274316657,7.783739299774101e-06,0.9894458289863847
80.48048048048048,0.010546375941913922,7.549464842704141e-06,0.9894460745932445
80.68068068068068,0.010546364950994265,7.322249588085104e-06,0.9894463127994187
80.88088088088088,0.010546354291307541,7.101881657582181e-06,0.989446543827036
81.08108108108108,0.01054634395288216,6.88815493094899e-06,0.989446767892188
81.28128128128128,0.010546333926010029,6.680868734975171e-06,0.9894469852052561
81.48148148148148,0.010546324201231496,6.47982753243399e-06,0.9894471959712372
81.68168168168168,0.010546314769320282,6.284840611029924e-06,0.9894474003900698
81.88188188188188,0.01054630562126843,6.095721772346272e-06,0.9894475986569604
82.08208208208208,0.010546296748271242,5.912289020792735e-06,0.9894477909627091
82.28228228228228,0.010546288141712214,5.734364252553028e-06,0.9894479774940363
82.48248248248248,0.010546279793302398,5.561776131622153e-06,0.9894481584305671
82.68268268268268,0.01054627169622714,5.394383758221713e-06,0.9894483339200157
82.88288288288288,0.01054626384319971,5.2320364956791264e-06,0.9894485041203057
83.08308308308308,0.010546256226885918,5.074582734328584e-06,0.9894486691903809
83.28328328328328,0.010546248840150338,4.921874973079807e-06,0.9894488292848778
83.48348348348348,0.010546241676045608,4.7737695987477395e-06,0.9894489845543568
83.68368368368368,0.010546234727801768,4.630126665382264e-06,0.989449135145534
83.88388388388388,0.010546227988815568,4.490809673597892e-06,0.989449281201512
84.08408408408408,0.010546221452639788,4.355685349903476e-06,0.9894494228620114
84.28428428428428,0.010546215112972566,4.224623426031905e-06,0.9894495602636025
84.48448448448448,0.010546208963646705,4.097496418269812e-06,0.9894496935399362
84.68468468468468,0.010546202998618998,3.9741794067872765e-06,0.9894498228219754
84.88488488488488,0.010546197212635368,3.854563772559279e-06,0.9894499482235932
85.08508508508508,0.010546191600931292,3.7385510105175943e-06,0.9894500698480594
85.28528528528528,0.010546186158280428,3.626033080227881e-06,0.9894501878086405
85.4854854854855,0.01054618087960339,3.516904979444763e-06,0.9894503022154183
85.6856856856857,0.010546175759961205,3.4110646083477678e-06,0.9894504131754316
85.8858858858859,0.010546170794548077,3.3084126204247307e-06,0.9894505207928327
86.0860860860861,0.01054616597868418,3.2088522733552845e-06,0.9894506251690436
86.2862862862863,0.010546161307808444,3.1122892798943037e-06,0.9894507264029129
86.4864864864865,0.010546156777471328,3.018631658755362e-06,0.9894508245908711
86.6866866866867,0.01054615238332762,2.9277895854941865e-06,0.989450919827088
86.8868868868869,0.010546148121129202,2.8396752433921125e-06,0.9894510122036285
87.0870870870871,0.010546143979927529,2.754062337156232e-06,0.9894511019577364
87.2872872872873,0.010546139972728618,2.671219636492933e-06,0.989451188807636
87.4874874874875,0.010546136085499525,2.59085709975806e-06,0.9894512730574019
87.6876876876877,0.010546132314849247,2.512904624414284e-06,0.9894513547805275
87.8878878878879,0.010546128657438926,2.4372931862071487e-06,0.9894514340493761
88.0880880880881,0.01054612510998185,2.36395483916507e-06,0.9894515109351801
88.2882882882883,0.010546121669243456,2.292822715599338e-06,0.9894515855080421
88.4884884884885,0.010546118332041327,2.2238310261041134e-06,0.9894516578369338
88.6886886886887,0.010546115095245192,2.1569150595564318e-06,0.9894517279896964
88.8888888888889,0.010546111955776928,2.0920111831162e-06,0.9894517960330411
89.0890890890891,0.010546108910610561,2.0290568422261977e-06,0.9894518620325484
89.2892892892893,0.010546105956773688,1.9679905900398648e-06,0.9894519260526374
89.4894894894895,0.010546103091845373,1.908762374517533e-06,0.9894519881457813
89.6896896896897,0.010546100313483268,1.851323768164869e-06,0.9894520483627498
89.8898898898899,0.010546097619059346,1.7956204419129301e-06,0.9894521067604999
90.0900900900901,0.010546095006009355,1.7415993852027316e-06,0.9894521633946066
90.2902902902903,0.010546092471832814,1.6892089059852453e-06,0.9894522183192623
90.4904904904905,0.01054609001409302,1.6383986307214037e-06,0.9894522715872774
90.6906906906907,0.010546087630417037,1.5891195043820957e-06,0.9894523232500798
90.8908908908909,0.010546085318495714,1.5413237904481697e-06,0.989452373357715
91.0910910910911,0.010546083076083665,1.4949650709104315e-06,0.9894524219588466
91.2912912912913,0.010546080900999283,1.4499982462696456e-06,0.9894524691007557
91.4914914914915,0.010546078791124732,1.4063795355365352e-06,0.9894525148293409
91.6916916916917,0.010546076744405953,1.3640664762317808e-06,0.989452559189119
91.8918918918919,0.010546074758852659,1.323017924386022e-06,0.9894526022232242
92.0920920920921,0.01054607283253834,1.2831940545398561e-06,0.9894526439734083
92.2922922922923,0.010546070963610743,1.2445565759964132e-06,0.9894526844798145
92.4924924924925,0.010546069150421306,1.2070714020823279e-06,0.9894527237781778
92.6926926926927,0.010546067391315665,1.1707043297422207e-06,0.9894527619043558
92.8928928928929,0.010546065684665507,1.1354216964029061e-06,0.9894527988936394
93.0930930930931,0.01054606402890889,1.101191211681629e-06,0.9894528347798807
93.2932932932933,0.010546062422550254,1.0679819573860624e-06,0.9894528695954936
93.4934934934935,0.010546060864160415,1.0357643875143103e-06,0.9894529033714533
93.6936936936937,0.010546059352376562,1.004510328254905e-06,0.9894529361372965
93.8938938938939,0.010546057885902271,9.741929779868094e-07,0.989452967921121
94.0940940940941,0.010546056463507484,9.447869072794149e-07,0.9894529987495865
94.2942942942943,0.010546055084028526,9.162680588925433e-07,0.9894530286479138
94.4944944944945,0.010546053746368099,8.886137477764454e-07,0.9894530576398854
94.6946946946947,0.01054605244949528,8.618026610718018e-07,0.989453085747845
94.8948948948949,0.010546051192445526,8.358148581097226e-07,0.9894531129926977
95.0950950950951,0.010546049974320666,8.106317704117474e-07,0.9894531393939102
95.2952952952953,0.010546048793963902,7.862294829669063e-07,0.9894531649765543
95.4954954954955,0.010546047649128237,7.625615440399503e-07,0.989453189789329
95.6956956956957,0.010546046538605067,7.396029677902734e-07,0.9894532138584283
95.8958958958959,0.010546045461360969,7.173323898066511e-07,0.9894532372062504
96.0960960960961,0.010546044416405085,6.957293256140963e-07,0.9894532598542706
96.2962962962963,0.010546043402789123,6.7477417067386e-07,0.9894532818230414
96.4964964964965,0.01054604241960735,6.54448200383431e-07,0.9894533031321935
96.6966966966967,0.010546041465996608,6.34733570076536e-07,0.9894533238004345
96.8968968968969,0.010546040541136293,6.156133150231396e-07,0.98945334384555
97.0970970970971,0.010546039644248375,5.97071350429444e-07,0.9894533632844024
97.2972972972973,0.010546038774597382,5.790924714378897e-07,0.9894533821329324
97.4974974974975,0.010546037931490409,5.616623531271544e-07,0.9894534004061577
97.6976976976977,0.010546037114277117,5.447675505121544e-07,0.9894534181181736
97.8978978978979,0.010546036322349732,5.283954985440434e-07,0.9894534352821529
98.0980980980981,0.010546035555143043,5.125345121102131e-07,0.9894534519103461
98.2982982982983,0.010546034811654729,4.971638699840677e-07,0.9894534680244764
98.4984984984985,0.010546034090491076,4.822547599468754e-07,0.98945348365475
98.6986986986987,0.010546033390941565,4.6779249306696195e-07,0.9894534988165665
98.8988988988989,0.010546032712331161,4.5376311398646455e-07,0.989453513524556
99.0990990990991,0.010546032054011022,4.4015320873008043e-07,0.9894535277927814
99.2992992992993,0.010546031415358483,4.269499047050667e-07,0.989453541634738
99.4994994994995,0.010546030795777076,4.141408707012406e-07,0.9894535550633533
99.6996996996997,0.010546030194696519,4.0171431689097914e-07,0.9894535680909877
99.8998998998999,0.010546029611572713,3.896589948292196e-07,0.9894535807294336
100.10010010010011,0.010546029045887752,3.779641974534591e-07,0.989453592989916
100.30030030030031,0.010546028497149916,3.6661975908375473e-07,0.9894536048830921
100.50050050050051,0.010546027964893671,3.5561605542272364e-07,0.989453616419052
100.70070070070071,0.010546027448679674,3.4494400355554295e-07,0.9894536276073179
100.90090090090091,0.010546026948094768,3.3459506194994975e-07,0.9894536384568444
101.10110110110111,0.01054602642655996,3.2381301826438935e-07,0.9894536497604229
101.30130130130131,0.0105460259646975,3.1426460877840363e-07,0.9894536597706949
101.50150150150151,0.01054602551498092,3.0496729979496187e-07,0.9894536695177204
101.70170170170171,0.010546025077238843,2.959175482698148e-07,0.9894536790052141
101.90190190190191,0.010546024651299892,2.8711181115871337e-07,0.9894536882368901
102.10210210210211,0.010546024236992689,2.7854654541740844e-07,0.989453697216463
102.30230230230231,0.010546023834145856,2.702182080016509e-07,0.9894537059476473
102.50250250250251,0.010546023442588016,2.621232558671917e-07,0.9894537144341573
102.70270270270271,0.010546023062147792,2.542581459697816e-07,0.9894537226797073
102.90290290290291,0.010546022692653806,2.4661933526517165e-07,0.9894537306880121
103.10310310310311,0.01054602233393468,2.3920328070911254e-07,0.9894537384627857
103.30330330330331,0.010546021985819038,2.3200643925735531e-07,0.9894537460077428
103.50350350350351,0.010546021648135501,2.2502526786565077e-07,0.9894537533265978
103.70370370370371,0.010546021320712693,2.1825622348974985e-07,0.989453760423065
103.90390390390391,0.010546021003379235,2.116957630854034e-07,0.9894537673008588
104.10410410410411,0.010546020695916954,2.05339376152717e-07,0.989453773964708
104.30430430430431,0.01054602039773703,1.9917488989099973e-07,0.9894537804273742
104.50450450450451,0.010546020108522255,1.931957464182062e-07,0.9894537866957325
104.70470470470471,0.010546019828042694,1.8739719215983718e-07,0.9894537927747663
104.90490490490491,0.010546019556068412,1.8177447354139344e-07,0.9894537986694592
105.10510510510511,0.010546019292369478,1.763228369883757e-07,0.9894538043847947
105.30530530530531,0.010546019036715957,1.7103752892628472e-07,0.9894538099257563
105.50550550550551,0.010546018788877919,1.6591379578062126e-07,0.9894538152973275
105.70570570570571,0.010546018548625425,1.6094688397688605e-07,0.9894538205044917
105.90590590590591,0.010546018315728548,1.5613203994057987e-07,0.9894538255522327
106.10610610610611,0.01054601808995735,1.5146451009720345e-07,0.9894538304455337
106.30630630630631,0.0105460178710819,1.4693954087225755e-07,0.9894538351893784
106.50650650650651,0.010546017658872265,1.4255237869124293e-07,0.9894538397887502
106.70670670670671,0.01054601745309851,1.3829826997966032e-07,0.9894538442486327
106.90690690690691,0.010546017253530701,1.3417246116301048e-07,0.9894538485740093
107.10710710710711,0.010546017059938908,1.3017019866679417e-07,0.9894538527698635
107.30730730730731,0.010546016872093195,1.262867289165121e-07,0.989453856841179
107.50750750750751,0.01054601668976363,1.2251729833766509e-07,0.9894538607929392
107.70770770770771,0.010546016512761318,1.1885800176906562e-07,0.9894538646292381
107.90790790790791,0.010546016341223794,1.1531168266775634e-07,0.9894538683470947
108.10810810810811,0.010546016175049763,1.1187624681987458e-07,0.9894538719487046
108.30830830830831,0.01054601601406085,1.0854800659992572e-07,0.9894538754379337
108.50850850850851,0.010546015858078683,1.0532327438241516e-07,0.9894538788186481
108.70870870870871,0.010546015706924889,1.0219836254184829e-07,0.9894538820947137
108.90890890890891,0.010546015560421096,9.916958345273044e-08,0.9894538852699967
109.10910910910911,0.010546015418388928,9.623324948956705e-08,0.9894538883483628
109.30930930930931,0.010546015280650014,9.338567302686346e-08,0.9894538913336781
109.50950950950951,0.010546015147025982,9.062316643912505e-08,0.9894538942298088
109.70970970970971,0.01054601501733846,8.794204210085723e-08,0.9894538970406206
109.90990990990991,0.01054601489140907,8.533861238656537e-08,0.9894538997699798
110.11011011011011,0.010546014769059444,8.280918967075484e-08,0.9894539024217521
110.31031031031031,0.010546014650111207,8.035008632793102e-08,0.9894539049998037
110.51051051051051,0.010546014534385986,7.79576147325993e-08,0.9894539075080004
110.71071071071071,0.01054601442170541,7.562808725926505e-08,0.9894539099502085
110.91091091091091,0.010546014311891103,7.335781628243367e-08,0.9894539123302938
111.11111111111111,0.010546014204764694,7.114311417661052e-08,0.9894539146521223
111.31131131131131,0.01054601410021862,6.898175722371114e-08,0.9894539169180253
111.51151151151151,0.010546013998711017,6.688321676662776e-08,0.9894539191180735
111.71171171171171,0.01054601390028677,6.484842073159874e-08,0.9894539212512937
111.91191191191191,0.010546013804856839,6.28755283385751e-08,0.989453923319616
112.11211211211211,0.010546013712332183,6.096269880750788e-08,0.9894539253249702
112.31231231231232,0.010546013622623763,5.9108091358348076e-08,0.989453927269286
112.51251251251252,0.010546013535642542,5.7309865211046724e-08,0.9894539291544935
112.71271271271272,0.010546013451299477,5.556617958555486e-08,0.9894539309825221
112.91291291291292,0.010546013369505529,5.38751937018235e-08,0.989453932755302
113.11311311311312,0.010546013290171657,5.223506677980366e-08,0.9894539344747628
113.31331331331332,0.010546013213208826,5.0643958039446384e-08,0.9894539361428344
113.51351351351352,0.010546013138527991,4.910002670070268e-08,0.9894539377614465
113.71371371371372,0.010546013066040116,4.760143198352358e-08,0.9894539393325291
113.91391391391392,0.010546012995656159,4.614633310786011e-08,0.989453940858012
114.11411411411412,0.010546012927287083,4.473288929366329e-08,0.9894539423398249
114.31431431431432,0.010546012860843845,4.335925976088415e-08,0.9894539437798976
114.51451451451452,0.010546012796237406,4.20236037294737e-08,0.98945394518016
114.71471471471472,0.010546012733378728,4.072408041938299e-08,0.989453946542542
114.91491491491492,0.010546012625467727,3.8493158243356096e-08,0.9894539488813752
115.11511511511512,0.010546012573692509,3.742277125678859e-08,0.9894539500035374
115.31531531531532,0.0105460125229329,3.6373380732802494e-08,0.9894539511036875
115.51551551551552,0.010546012473188903,3.5344986671397806e-08,0.9894539521818256
115.71571571571572,0.010546012424460516,3.433758907257453e-08,0.9894539532379516
115.91591591591592,0.010546012376747741,3.335118793633266e-08,0.9894539542720655
116.11611611611612,0.010546012330050574,3.23857832626722e-08,0.9894539552841674
116.31631631631632,0.01054601228436902,3.144137505159315e-08,0.9894539562742571
116.51651651651652,0.010546012239703076,3.05179633030955e-08,0.9894539572423348
116.71671671671672,0.010546012196052742,2.9615548017179268e-08,0.9894539581884004
116.91691691691692,0.010546012153418018,2.8734129193844442e-08,0.9894539591124539
117.11711711711712,0.010546012111798906,2.7873706833091027e-08,0.9894539600144955
117.31731731731732,0.010546012071195404,2.703428093491902e-08,0.9894539608945249
117.51751751751752,0.010546012031607514,2.621585149932842e-08,0.9894539617525422
117.71771771771772,0.010546011993035233,2.541841852631923e-08,0.9894539625885475
117.91791791791792,0.010546011955478564,2.4641982015891447e-08,0.9894539634025405
118.11811811811812,0.010546011918937503,2.3886541968045077e-08,0.9894539641945217
118.31831831831832,0.010546011883412055,2.3152098382780114e-08,0.9894539649644908
118.51851851851852,0.01054601184888923,2.2438382794766586e-08,0.9894539657127291
118.71871871871872,0.01054601181525691,2.1743077214060604e-08,0.989453966441667
118.91891891891892,0.010546011782489241,2.1065647224740414e-08,0.9894539671518647
119.11911911911912,0.010546011750586224,2.0406092826806016e-08,0.9894539678433221
119.31931931931932,0.01054601171954786,1.976441402025741e-08,0.9894539685160393
119.51951951951952,0.010546011689374149,1.9140610805094593e-08,0.9894539691700162
119.71971971971973,0.010546011660065089,1.8534683181317522e-08,0.9894539698052529
119.91991991991993,0.010546011631620682,1.7946631148926286e-08,0.9894539704217493
120.12012012012013,0.010546011604040928,1.7376454707920844e-08,0.9894539710195055
120.32032032032033,0.010546011577325825,1.682415385830119e-08,0.9894539715985214
120.52052052052053,0.010546011551475377,1.6289728600067328e-08,0.9894539721587972
120.72072072072073,0.01054601152648958,1.5773178933219257e-08,0.9894539727003326
120.92092092092093,0.010546011502368434,1.5274504857756977e-08,0.9894539732231279
121.12112112112113,0.010546011479111942,1.4793706373680485e-08,0.9894539737271828
121.32132132132134,0.010546011456720104,1.4330783480989786e-08,0.9894539742124976
121.52152152152154,0.010546011435192916,1.3885736179684877e-08,0.989453974679072
121.72172172172174,0.010546011414530381,1.345856446976576e-08,0.9894539751269062
121.92192192192194,0.0105460113947325,1.3049268351232433e-08,0.9894539755560003
122.12212212212214,0.01054601137579927,1.2657847824084898e-08,0.9894539759663541
122.32232232232234,0.010546011357657852,1.228279702304266e-08,0.9894539763595462
122.52252252252254,0.010546011340004125,1.1917828613414265e-08,0.9894539767421684
122.72272272272274,0.010546011322804543,1.1562249020431342e-08,0.9894539771149476
122.92292292292294,0.010546011306059101,1.1216058244093891e-08,0.9894539774778838
123.12312312312314,0.010546011289767801,1.087925628440191e-08,0.9894539778309771
123.32332332332334,0.010546011273930645,1.0551843141355401e-08,0.9894539781742274
123.52352352352354,0.01054601125854763,1.0233818814954364e-08,0.9894539785076347
123.72372372372374,0.010546011243618758,9.925183305198797e-09,0.9894539788311991
123.92392392392394,0.010546011229144028,9.625936612088701e-09,0.9894539791449205
124.12412412412414,0.01054601121512344,9.336078735624079e-09,0.989453979448799
124.32432432432434,0.010546011201556996,9.055609675804926e-09,0.9894539797428344
124.52452452452454,0.010546011188444693,8.784529432631244e-09,0.989453980027027
124.72472472472474,0.010546011175786532,8.522838006103035e-09,0.9894539803013767
124.92492492492494,0.010546011163582515,8.270535396220297e-09,0.9894539805658833
125.12512512512514,0.010546011151832638,8.02762160298303e-09,0.9894539808205469
125.32532532532534,0.010546011140536904,7.794096626391233e-09,0.9894539810653676
125.52552552552554,0.010546011129695314,7.569960466444909e-09,0.9894539813003453
125.72572572572574,0.010546011119307865,7.355213123144056e-09,0.9894539815254801
125.92592592592594,0.010546011109374559,7.149854596488674e-09,0.989453981740772
126.12612612612614,0.010546011099822578,6.952379521380912e-09,0.9894539819477991
126.32632632632634,0.010546011090489324,6.759426281608271e-09,0.9894539821500856
126.52652652652654,0.010546011081368769,6.57087036720142e-09,0.989453982347762
126.72672672672674,0.010546011072460915,6.3867117781603584e-09,0.9894539825408285
126.92692692692694,0.010546011063765763,6.206950514485087e-09,0.989453982729285
127.12712712712714,0.01054601105528331,6.031586576175605e-09,0.9894539829131314
127.32732732732734,0.01054601104701356,5.860619963231912e-09,0.9894539830923677
127.52752752752754,0.01054601103895651,5.694050675654009e-09,0.9894539832669941
127.72772772772774,0.010546011031112162,5.531878713441896e-09,0.9894539834370103
127.92792792792794,0.010546011023480515,5.374104076595572e-09,0.9894539836024167
128.12812812812814,0.01054601101606157,5.220726765115037e-09,0.9894539837632129
128.32832832832833,0.010546011008855324,5.071746779000304e-09,0.9894539839193991
128.52852852852854,0.01054601100186178,4.9271641182513385e-09,0.9894539840709753
128.72872872872873,0.010546010995080938,4.786978782868184e-09,0.9894539842179415
128.92892892892894,0.010546010988512796,4.6511907728507984e-09,0.9894539843602976
129.12912912912913,0.010546010982157355,4.5198000881992214e-09,0.9894539844980438
129.32932932932934,0.010546010976014616,4.392806728913416e-09,0.9894539846311798
129.52952952952953,0.010546010970084577,4.270210694993418e-09,0.9894539847597059
129.72972972972974,0.01054601096436724,4.152011986439193e-09,0.989453984883622
129.92992992992993,0.010546010958819909,4.037327954426364e-09,0.9894539850038534
130.13013013013014,0.01054601095339224,3.925117780489005e-09,0.9894539851214913
130.33033033033033,0.01054601094808415,3.815379731742406e-09,0.9894539852365374
130.53053053053054,0.010546010942895636,3.7081138081865378e-09,0.9894539853489919
130.73073073073073,0.010546010937826701,3.60332000982143e-09,0.9894539854588545
130.93093093093094,0.010546010932877346,3.500998336647052e-09,0.9894539855661256
131.13113113113113,0.010546010928047567,3.401148788663434e-09,0.989453985670805
131.33133133133134,0.010546010923337368,3.3037713658705475e-09,0.9894539857728926
131.53153153153153,0.010546010918746745,3.2088660682684194e-09,0.9894539858723885
131.73173173173174,0.010546010914275702,3.116432895857023e-09,0.9894539859692927
131.93193193193193,0.010546010909924235,3.0264718486363853e-09,0.9894539860636052
132.13213213213214,0.010546010905692347,2.93898292660648e-09,0.989453986155326
132.33233233233233,0.010546010901580038,2.853966129767332e-09,0.9894539862444551
132.53253253253254,0.010546010897587306,2.7714214581189175e-09,0.9894539863309926
132.73273273273273,0.010546010893714153,2.6913489116612596e-09,0.9894539864149382
132.93293293293294,0.010546010889960577,2.613748490394336e-09,0.9894539864962922
133.13313313313313,0.01054601088632658,2.538620194318168e-09,0.9894539865750546
133.33333333333334,0.01054601088281216,2.465964023432735e-09,0.9894539866512251
133.53353353353353,0.010546010879416891,2.3957711684101414e-09,0.9894539867248133
133.73373373373374,0.010546010876113262,2.327472797636707e-09,0.9894539867964153
133.93393393393393,0.010546010872884782,2.2607280715730678e-09,0.9894539868663885
134.13413413413414,0.010546010869731453,2.1955369902192054e-09,0.9894539869347329
134.33433433433433,0.010546010866653275,2.1318995535751382e-09,0.9894539870014485
134.53453453453454,0.010546010863650247,2.0698157616408475e-09,0.9894539870665353
134.73473473473473,0.01054601086072237,2.009285614416352e-09,0.9894539871299933
134.93493493493494,0.010546010857869643,1.9503091119016332e-09,0.9894539871918225
135.13513513513513,0.010546010855092068,1.892886254096709e-09,0.989453987252023
135.33533533533534,0.010546010852389643,1.8370170410015625e-09,0.9894539873105946
135.53553553553553,0.010546010849762368,1.78270147261621e-09,0.9894539873675375
135.73573573573574,0.010546010847210244,1.7299395489406356e-09,0.9894539874228515
135.93593593593593,0.010546010844733273,1.6787312699748547e-09,0.9894539874765368
136.13613613613614,0.01054601084233145,1.6290766357188523e-09,0.9894539875285933
136.33633633633633,0.010546010840004777,1.5809756461726429e-09,0.9894539875790209
136.53653653653654,0.010546010837753257,1.5344283013362126e-09,0.9894539876278198
136.73673673673676,0.010546010835576887,1.4894346012095685e-09,0.9894539876749898
136.93693693693695,0.010546010833475667,1.4459945457927165e-09,0.9894539877205312
137.13713713713716,0.010546010831449598,1.4041081350856445e-09,0.9894539877644436
137.33733733733735,0.010546010829497127,1.363743267939572e-09,0.989453987806761
137.53753753753756,0.01054601082759642,1.32444854878696e-09,0.9894539878479564
137.73773773773775,0.010546010825740427,1.2860782590492831e-09,0.9894539878881826
137.93793793793796,0.01054601082392915,1.2486323987265302e-09,0.9894539879274398
138.13813813813815,0.010546010822162588,1.2121109678187126e-09,0.9894539879657278
138.33833833833836,0.010546010820440741,1.1765139663258194e-09,0.9894539880030466
138.53853853853855,0.010546010818763609,1.1418413942478608e-09,0.9894539880393963
138.73873873873876,0.010546010817131192,1.108093251584827e-09,0.9894539880747769
138.93893893893895,0.010546010815543492,1.0752695383367277e-09,0.9894539881091883
139.13913913913916,0.010546010814000506,1.0433702545035534e-09,0.9894539881426305
139.33933933933935,0.010546010812502235,1.012395400085313e-09,0.9894539881751037
139.53953953953956,0.01054601081104868,9.82344975081998e-10,0.9894539882066077
139.73973973973975,0.010546010809639838,9.532189794936171e-10,0.9894539882371425
139.93993993993996,0.010546010808275713,9.250174133201615e-10,0.9894539882667082
140.14014014014015,0.010546010806956302,8.977402765616397e-10,0.9894539882953047
140.34034034034036,0.010546010805681608,8.713875692180437e-10,0.9894539883229322
140.54054054054055,0.010546010804451628,8.45959291289381e-10,0.9894539883495904
140.74074074074076,0.010546010803266363,8.214554427756444e-10,0.9894539883752795
140.94094094094095,0.010546010802125813,7.978760236768409e-10,0.9894539883999995
141.14114114114116,0.010546010801027515,7.751701075881086e-10,0.9894539884238037
141.34134134134135,0.01054601079995671,7.530325749288646e-10,0.989453988447012
141.54154154154156,0.010546010798910942,7.31412645507027e-10,0.9894539884696777
141.74174174174175,0.01054601079789021,7.103103193226023e-10,0.9894539884918008
141.94194194194196,0.010546010796894515,6.897255963755842e-10,0.9894539885133812
142.14214214214215,0.010546010795923858,6.696584766659786e-10,0.989453988534419
142.34234234234236,0.010546010794978238,6.5010896019378e-10,0.9894539885549141
142.54254254254255,0.010546010794057653,6.310770469589939e-10,0.9894539885748667
142.74274274274276,0.010546010793162105,6.125627369616147e-10,0.9894539885942765
142.94294294294295,0.010546010792291595,5.945660302016478e-10,0.9894539886131437
143.14314314314316,0.01054601079144612,5.77086926679088e-10,0.9894539886314683
143.34334334334335,0.010546010790625684,5.601254263939404e-10,0.9894539886492502
143.54354354354356,0.010546010789830283,5.436815293462e-10,0.9894539886664895
143.74374374374375,0.01054601078905992,5.277552355358716e-10,0.9894539886831861
143.94394394394396,0.010546010788314592,5.123465449629507e-10,0.9894539886993402
144.14414414414415,0.010546010787594302,4.974554576274416e-10,0.9894539887149516
144.34434434434436,0.01054601078689905,4.830819735293401e-10,0.9894539887300203
144.54454454454455,0.010546010786228832,4.692260926686503e-10,0.9894539887445464
144.74474474474476,0.010546010785583652,4.5588781504536827e-10,0.9894539887585299
144.94494494494495,0.010546010784603184,4.3561789386408076e-10,0.9894539887797802
145.14514514514516,0.010546010783470871,4.122087232379297e-10,0.9894539888043217
145.34534534534535,0.010546010782353694,3.8911249254069326e-10,0.9894539888285351
145.54554554554556,0.010546010781251653,3.66329201772365e-10,0.9894539888524204
145.74574574574575,0.010546010780164749,3.438588509329513e-10,0.9894539888759777
145.94594594594597,0.010546010779092983,3.217014400224457e-10,0.9894539888992068
146.14614614614615,0.010546010778036354,2.998569690408545e-10,0.9894539889221079
146.34634634634637,0.010546010776994862,2.783254379881718e-10,0.989453988944681
146.54654654654655,0.010546010775968506,2.5710684686440364e-10,0.9894539889669259
146.74674674674677,0.010546010774957289,2.362011956695437e-10,0.9894539889888427
146.94694694694695,0.010546010773961207,2.1560848440359814e-10,0.9894539890104316
147.14714714714717,0.010546010772980265,1.9532871306656112e-10,0.9894539890316922
147.34734734734735,0.010546010772014457,1.753618816584381e-10,0.9894539890526249
147.54754754754757,0.010546010771063787,1.55707990179224e-10,0.9894539890732295
147.74774774774775,0.010546010770128254,1.363670386289239e-10,0.9894539890935059
147.94794794794797,0.010546010769207859,1.1733902700753243e-10,0.9894539891134544
148.14814814814815,0.010546010768302602,9.862395531505511e-11,0.9894539891330747
148.34834834834837,0.01054601076741248,8.022182355148657e-11,0.9894539891523669
148.54854854854855,0.010546010766537495,6.213263171683177e-11,0.9894539891713311
148.74874874874877,0.010546010765677648,4.4356379811086055e-11,0.9894539891899672
148.94894894894895,0.010546010764832938,2.6893067834254186e-11,0.9894539892082752
149.14914914914917,0.010546010764003366,9.742695786331198e-12,0.9894539892262552
149.34934934934935,0.010546010763188928,-7.094736332677947e-12,0.989453989243907
149.54954954954957,0.01054601076238963,-2.3619228522778004e-11,0.9894539892612308
149.74974974974975,0.01054601076160547,-3.983078078396463e-11,0.9894539892782266
149.94994994994997,0.010546010760836444,-5.572939311624186e-11,0.9894539892948941
150.15015015015015,0.010546010760082556,-7.131506551960555e-11,0.9894539893112337
150.35035035035037,0.010546010759343806,-8.658779799406011e-11,0.9894539893272453
150.55055055055055,0.010546010758620192,-1.0154759053960105e-10,0.9894539893429286
150.75075075075077,0.010546010757911716,-1.1619444315623265e-10,0.989453989358284
150.95095095095095,0.010546010757218376,-1.3052835584395105e-10,0.9894539893733112
151.15115115115117,0.010546010756540174,-1.4454932860275982e-10,0.9894539893880104
151.35135135135135,0.010546010755877109,-1.582573614326553e-10,0.9894539894023815
151.55155155155157,0.010546010755229181,-1.7165245433364142e-10,0.9894539894164245
151.75175175175175,0.01054601075459639,-1.8473460730571416e-10,0.9894539894301394
151.95195195195197,0.010546010753978737,-1.9750382034887733e-10,0.9894539894435264
152.15215215215215,0.010546010753376219,-2.099600934631275e-10,0.9894539894565851
152.35235235235237,0.01054601075278884,-2.2210342664846782e-10,0.9894539894693158
152.55255255255256,0.010546010752216598,-2.339338199048951e-10,0.9894539894817185
152.75275275275277,0.010546010751659491,-2.4545127323241275e-10,0.989453989493793
152.95295295295296,0.010546010751117522,-2.566557866310173e-10,0.9894539895055395
153.15315315315317,0.010546010750590692,-2.6754736010071203e-10,0.989453989516958
153.35335335335336,0.010546010750078997,-2.78125993641494e-10,0.9894539895280482
153.55355355355357,0.01054601074958244,-2.8839168725336586e-10,0.9894539895388105
153.75375375375376,0.010546010749101019,-2.9834444093632493e-10,0.9894539895492447
153.95395395395397,0.010546010748634737,-3.0798425469037413e-10,0.9894539895593507
154.15415415415416,0.010546010748183591,-3.173111285155105e-10,0.9894539895691288
154.35435435435437,0.01054601074774758,-3.2632506241173686e-10,0.9894539895785787
154.55455455455456,0.010546010747326709,-3.350260563790505e-10,0.9894539895877006
154.75475475475477,0.010546010746920974,-3.4341411041745387e-10,0.9894539895964943
154.95495495495496,0.010546010746530377,-3.5148922452694487e-10,0.9894539896049601
155.15515515515517,0.010546010746154917,-3.5925139870752544e-10,0.9894539896130977
155.35535535535536,0.010546010745794593,-3.6670063295919366e-10,0.9894539896209072
155.55555555555557,0.010546010745449407,-3.738369272819515e-10,0.9894539896283887
155.75575575575576,0.010546010745119357,-3.8066028167579695e-10,0.9894539896355422
155.95595595595597,0.010546010744804445,-3.87170696140732e-10,0.9894539896423675
156.15615615615616,0.01054601074450467,-3.9336817067675474e-10,0.9894539896488648
156.35635635635637,0.01054601074422003,-3.992527052838669e-10,0.989453989655034
156.55655655655656,0.01054601074395053,-4.048242999620669e-10,0.9894539896608749
156.75675675675677,0.010546010743696165,-4.100829547113563e-10,0.989453989666388
156.95695695695696,0.01054601074345694,-4.1502866953173355e-10,0.9894539896715729
157.15715715715717,0.01054601074323285,-4.1966144442320014e-10,0.9894539896764298
157.35735735735736,0.010546010743023896,-4.2398127938575463e-10,0.9894539896809587
157.55755755755757,0.01054601074283008,-4.2798817441939833e-10,0.9894539896851593
157.75775775775776,0.010546010742651402,-4.316821295241302e-10,0.989453989689032
157.95795795795797,0.010546010742487861,-4.350631446999511e-10,0.9894539896925765
158.15815815815816,0.010546010742339455,-4.3813121994686013e-10,0.989453989695793
158.35835835835837,0.010546010742206189,-4.408863552648583e-10,0.9894539896986814
158.55855855855856,0.01054601074208806,-4.433285506539446e-10,0.9894539897012418
158.75875875875877,0.010546010741985065,-4.454578061141198e-10,0.989453989703474
158.95895895895896,0.010546010741897208,-4.4727412164538347e-10,0.9894539897053781
159.15915915915917,0.01054601074182449,-4.487774972477359e-10,0.9894539897069542
159.35935935935936,0.010546010741766908,-4.499679329211768e-10,0.9894539897082022
159.55955955955957,0.010546010741724463,-4.5084542866570645e-10,0.9894539897091222
159.75975975975976,0.010546010741697155,-4.514099844813246e-10,0.9894539897097141
159.95995995995997,0.010546010741684984,-4.516616003680314e-10,0.9894539897099779
160.16016016016016,0.01054601074168795,-4.5160027632582675e-10,0.9894539897099135
160.36036036036037,0.010546010741706054,-4.5122601235471076e-10,0.9894539897095211
160.56056056056056,0.010546010741739295,-4.5053880845468346e-10,0.9894539897088007
160.76076076076077,0.010546010741787673,-4.4953866462574464e-10,0.9894539897077522
160.96096096096096,0.010546010741851186,-4.482255808678946e-10,0.9894539897063757
161.16116116116117,0.010546010741929839,-4.4659955718113297e-10,0.9894539897046709
161.36136136136136,0.010546010742023628,-4.446605935654601e-10,0.9894539897026382
161.56156156156158,0.010546010742132553,-4.4240869002087564e-10,0.9894539897002773
161.76176176176176,0.010546010742256617,-4.3984384654738017e-10,0.9894539896975885
161.96196196196198,0.010546010742395816,-4.3696606314497286e-10,0.9894539896945714
162.16216216216216,0.010546010742550153,-4.3377533981365466e-10,0.9894539896912264
162.36236236236238,0.010546010742719627,-4.3027167655342453e-10,0.9894539896875533
162.56256256256256,0.01054601074290424,-4.264550733642835e-10,0.989453989683552
162.76276276276278,0.010546010743103988,-4.223255302462306e-10,0.9894539896792227
162.96296296296296,0.010546010743318873,-4.178830471992669e-10,0.9894539896745654
163.16316316316318,0.010546010743548896,-4.131276242233911e-10,0.98945398966958
163.36336336336336,0.010546010743794054,-4.080592613186047e-10,0.9894539896642665
163.56356356356358,0.010546010744054351,-4.026779584849061e-10,0.9894539896586249
163.76376376376376,0.010546010744329785,-3.969837157222969e-10,0.9894539896526552
163.96396396396398,0.010546010744620356,-3.909765330307756e-10,0.9894539896463573
164.16416416416416,0.010546010744926063,-3.8465641041034365e-10,0.9894539896397315
164.36436436436438,0.010546010745246909,-3.7802334786099943e-10,0.9894539896327776
164.56456456456456,0.01054601074558289,-3.710773453827448e-10,0.9894539896254957
164.76476476476478,0.01054601074593401,-3.6381840297557773e-10,0.9894539896178856
164.96496496496496,0.010546010746300266,-3.5624652063950035e-10,0.9894539896099475
165.16516516516518,0.010546010746681659,-3.4836169837451053e-10,0.9894539896016813
165.36536536536536,0.01054601074707819,-3.4016393618061043e-10,0.989453989593087
165.56556556556558,0.010546010747489858,-3.316532340577977e-10,0.9894539895841645
165.76576576576576,0.010546010747916662,-3.228295920060749e-10,0.9894539895749142
165.96596596596598,0.010546010748358604,-3.136930100254394e-10,0.9894539895653356
166.16616616616616,0.010546010748505972,-3.106463652760443e-10,0.9894539895621416
166.36636636636638,0.010546010748366407,-3.1353169604614685e-10,0.9894539895651665
166.56656656656656,0.01054601074823067,-3.163378837520553e-10,0.9894539895681085
166.76676676676678,0.010546010748098762,-3.190649283937705e-10,0.9894539895709674
166.96696696696696,0.010546010747970682,-3.2171282997129157e-10,0.9894539895737434
167.16716716716718,0.010546010747846429,-3.242815884846194e-10,0.9894539895764364
167.36736736736736,0.010546010747726004,-3.2677120393375307e-10,0.9894539895790464
167.56756756756758,0.01054601074760941,-3.291816763186934e-10,0.9894539895815735
167.76776776776777,0.01054601074749664,-3.3151300563943974e-10,0.9894539895840176
167.96796796796798,0.010546010747387702,-3.3376519189599263e-10,0.9894539895863788
168.16816816816817,0.010546010747282591,-3.3593823508835155e-10,0.9894539895886568
168.36836836836838,0.010546010747181308,-3.380321352165171e-10,0.9894539895908521
168.56856856856857,0.010546010747083853,-3.4004689228048864e-10,0.9894539895929643
168.76876876876878,0.010546010746990226,-3.419825062802668e-10,0.9894539895949935
168.96896896896897,0.010546010746900428,-3.438389772158509e-10,0.9894539895969398
169.16916916916918,0.010546010746814457,-3.456163050872416e-10,0.989453989598803
169.36936936936937,0.010546010746732315,-3.4731448989443837e-10,0.9894539896005834
169.56956956956958,0.010546010746654,-3.489335316374416e-10,0.9894539896022807
169.76976976976977,0.010546010746579515,-3.5047343031625106e-10,0.9894539896038952
169.96996996996998,0.010546010746508858,-3.5193418593086695e-10,0.9894539896054265
170.17017017017017,0.01054601074644203,-3.5331579848128893e-10,0.989453989606875
170.37037037037038,0.010546010746379028,-3.5461826796751736e-10,0.9894539896082405
170.57057057057057,0.010546010746319855,-3.5584159438955193e-10,0.9894539896095229
170.77077077077078,0.01054601074626451,-3.5698577774739306e-10,0.9894539896107225
170.970970970971,0.010546010746212994,-3.580508180410404e-10,0.9894539896118391
171.17117117117118,0.010546010746165305,-3.5903671527049393e-10,0.9894539896128727
171.3713713713714,0.010546010746121446,-3.599434694357539e-10,0.9894539896138232
171.57157157157158,0.010546010746081413,-3.6077108053682e-10,0.9894539896146909
171.7717717717718,0.01054601074604521,-3.6151954857369254e-10,0.9894539896154756
171.97197197197198,0.010546010746012833,-3.6218887354637123e-10,0.9894539896161773
172.1721721721722,0.010546010745984286,-3.6277905545485637e-10,0.989453989616796
172.37237237237238,0.010546010745959566,-3.632900942991477e-10,0.9894539896173318
172.5725725725726,0.010546010745938677,-3.637219900792455e-10,0.9894539896177845
172.77277277277278,0.010546010745921612,-3.640747427951494e-10,0.9894539896181543
172.972972972973,0.010546010745908378,-3.643483524468597e-10,0.9894539896184412
173.17317317317318,0.010546010745898973,-3.645428190343763e-10,0.9894539896186451
173.3733733733734,0.010546010745893394,-3.6465814255769916e-10,0.989453989618766
173.57357357357358,0.010546010745891643,-3.6469432301682837e-10,0.9894539896188039
173.7737737737738,0.010546010745893722,-3.646513604117638e-10,0.9894539896187589
173.97397397397398,0.010546010745899628,-3.645292547425057e-10,0.9894539896186308
174.1741741741742,0.010546010745909364,-3.643280060090537e-10,0.9894539896184199
174.37437437437438,0.010546010745922926,-3.640476142114081e-10,0.9894539896181259
174.5745745745746,0.010546010745940316,-3.636880793495688e-10,0.989453989617749
174.77477477477478,0.010546010745961535,-3.6324940142353583e-10,0.989453989617289
174.974974974975,0.010546010745986583,-3.627315804333091e-10,0.9894539896167462
175.17517517517518,0.01054601074601546,-3.6213461637888873e-10,0.9894539896161204
175.3753753753754,0.010546010746048162,-3.6145850926027455e-10,0.9894539896154115
175.57557557557558,0.010546010746084694,-3.607032590774668e-10,0.9894539896146197
175.7757757757758,0.010546010746125054,-3.598688658304652e-10,0.989453989613745
175.97597597597598,0.010546010746169242,-3.589553295192701e-10,0.9894539896127873
176.1761761761762,0.01054601074621726,-3.5796265014388113e-10,0.9894539896117466
176.37637637637638,0.010546010746269104,-3.5689082770429863e-10,0.9894539896106229
176.5765765765766,0.010546010746324778,-3.5573986220052217e-10,0.9894539896094163
176.77677677677679,0.010546010746384279,-3.545097536325523e-10,0.9894539896081267
176.976976976977,0.010546010746447607,-3.532005020003885e-10,0.9894539896067541
177.17717717717719,0.010546010746514765,-3.5181210730403117e-10,0.9894539896052985
177.3773773773774,0.010546010746585751,-3.5034456954348e-10,0.9894539896037601
177.57757757757759,0.010546010746660565,-3.487978887187353e-10,0.9894539896021385
177.7777777777778,0.010546010746739207,-3.471720648297967e-10,0.9894539896004341
177.977977977978,0.010546010746821677,-3.4546709787666465e-10,0.9894539895986466
178.1781781781782,0.010546010746907974,-3.436829878593386e-10,0.9894539895967762
178.3783783783784,0.010546010746998102,-3.418197347778191e-10,0.9894539895948228
178.5785785785786,0.010546010747092056,-3.398773386321057e-10,0.9894539895927865
178.7787787787788,0.01054601074718984,-3.3785579942219885e-10,0.9894539895906671
178.978978978979,0.01054601074729145,-3.35755117148098e-10,0.9894539895884649
179.1791791791792,0.01054601074739689,-3.3357529180980377e-10,0.9894539895861796
179.3793793793794,0.010546010747506157,-3.313163234073155e-10,0.9894539895838114
179.5795795795796,0.010546010747619254,-3.289782119406339e-10,0.9894539895813601
179.7797797797798,0.010546010747736178,-3.2656095740975825e-10,0.989453989578826
179.97997997998,0.01054601074785693,-3.2406455981468917e-10,0.9894539895762088
180.1801801801802,0.01054601074798151,-3.2148901915542613e-10,0.9894539895735087
180.3803803803804,0.01054601074810992,-3.1883433543196974e-10,0.9894539895707256
180.5805805805806,0.010546010748242155,-3.161005086443192e-10,0.9894539895678596
180.7807807807808,0.01054601074837822,-3.132875387924754e-10,0.9894539895649105
180.980980980981,0.010546010748518114,-3.1039542587643754e-10,0.9894539895618785
181.1811811811812,0.010546010748661835,-3.0742416989620633e-10,0.9894539895587635
181.3813813813814,0.010546010748809384,-3.0437377085178106e-10,0.9894539895555656
181.5815815815816,0.010546010748960763,-3.012442287431625e-10,0.9894539895522847
181.7817817817818,0.010546010749115969,-2.9803554357034977e-10,0.9894539895489207
181.981981981982,0.010546010749275003,-2.947477153333438e-10,0.9894539895454739
182.1821821821822,0.010546010749437864,-2.9138074403214367e-10,0.9894539895419441
182.3823823823824,0.010546010749604555,-2.8793462966675034e-10,0.9894539895383313
182.5825825825826,0.010546010749775073,-2.844093722371628e-10,0.9894539895346355
182.7827827827828,0.01054601074994942,-2.808049717433821e-10,0.9894539895308567
182.982982982983,0.010546010750127595,-2.7712142818540715e-10,0.989453989526995
183.1831831831832,0.010546010750309599,-2.73358741563239e-10,0.9894539895230503
183.3833833833834,0.010546010750495431,-2.695169118768767e-10,0.9894539895190226
183.5835835835836,0.01054601075068509,-2.655959391263212e-10,0.989453989514912
183.7837837837838,0.010546010750878578,-2.6159582331157136e-10,0.9894539895107184
183.983983983984,0.010546010751075894,-2.575165644326285e-10,0.9894539895064418
184.1841841841842,0.010546010751277039,-2.533581624894913e-10,0.9894539895020823
184.3843843843844,0.010546010751482012,-2.4912061748216105e-10,0.9894539894976397
184.5845845845846,0.010546010751690812,-2.4480392941063645e-10,0.9894539894931142
184.7847847847848,0.01054601075190344,-2.404080982749188e-10,0.9894539894885058
184.984984984985,0.010546010752119897,-2.359331240750068e-10,0.9894539894838144
185.1851851851852,0.010546010752340183,-2.3137900681090174e-10,0.98945398947904
185.3853853853854,0.010546010752564297,-2.2674574648260235e-10,0.9894539894741826
185.5855855855856,0.010546010752792238,-2.220333430901099e-10,0.9894539894692422
185.7857857857858,0.010546010753024007,-2.1724179663342309e-10,0.9894539894642189
185.985985985986,0.010546010753259605,-2.1237110711254326e-10,0.9894539894591127
186.1861861861862,0.010546010753499032,-2.0742127452746903e-10,0.9894539894539234
186.3863863863864,0.010546010753742287,-2.0239229887820182e-10,0.9894539894486511
186.5865865865866,0.010546010753989369,-1.9728418016474018e-10,0.989453989443296
186.7867867867868,0.01054601075424028,-1.9209691838708558e-10,0.9894539894378578
186.986986986987,0.010546010754495018,-1.8683051354523654e-10,0.9894539894323366
187.1871871871872,0.010546010754753586,-1.8148496563919453e-10,0.9894539894267326
187.3873873873874,0.010546010754842182,-1.796533756291829e-10,0.9894539894248123
187.5875875875876,0.0105460107549049,-1.7835671802278321e-10,0.989453989423453
187.7877877877878,0.010546010754967621,-1.7706006041638337e-10,0.9894539894220936
187.987987987988,0.010546010755030342,-1.7576340280998372e-10,0.9894539894207343
188.1881881881882,0.01054601075509306,-1.7446674520358385e-10,0.9894539894193748
188.3883883883884,0.010546010755155781,-1.731700875971842e-10,0.9894539894180154
188.5885885885886,0.010546010755218502,-1.7187342999078435e-10,0.9894539894166561
188.7887887887888,0.010546010755281221,-1.7057677238438467e-10,0.9894539894152967
188.988988988989,0.010546010755343942,-1.6928011477798483e-10,0.9894539894139374
189.1891891891892,0.010546010755406662,-1.6798345717158515e-10,0.9894539894125779
189.3893893893894,0.010546010755469381,-1.666867995651853e-10,0.9894539894112185
189.5895895895896,0.010546010755532102,-1.6539014195878565e-10,0.9894539894098592
189.7897897897898,0.010546010755594823,-1.6409348435238578e-10,0.9894539894084998
189.98998998999,0.010546010755657542,-1.627968267459861e-10,0.9894539894071405
190.1901901901902,0.010546010755720262,-1.6150016913958626e-10,0.989453989405781
190.3903903903904,0.010546010755782983,-1.602035115331866e-10,0.9894539894044216
190.5905905905906,0.010546010755845702,-1.5890685392678674e-10,0.9894539894030623
190.7907907907908,0.010546010755908422,-1.5761019632038708e-10,0.9894539894017029
190.990990990991,0.010546010755971143,-1.5631353871398722e-10,0.9894539894003436
191.1911911911912,0.010546010756033862,-1.5501688110758756e-10,0.9894539893989842
191.3913913913914,0.010546010756096583,-1.5372022350118772e-10,0.9894539893976247
191.5915915915916,0.010546010756159303,-1.5242356589478803e-10,0.9894539893962654
191.7917917917918,0.010546010756222022,-1.511269082883882e-10,0.989453989394906
191.991991991992,0.010546010756284743,-1.498302506819885e-10,0.9894539893935467
192.1921921921922,0.010546010756347464,-1.485335930755887e-10,0.9894539893921873
192.3923923923924,0.010546010756410183,-1.4723693546918901e-10,0.9894539893908278
192.5925925925926,0.010546010756472903,-1.4594027786278915e-10,0.9894539893894685
192.7927927927928,0.010546010756535624,-1.446436202563895e-10,0.9894539893881091
192.992992992993,0.010546010756598343,-1.4334696264998965e-10,0.9894539893867498
193.1931931931932,0.010546010756661063,-1.4205030504359e-10,0.9894539893853904
193.3933933933934,0.010546010756723784,-1.4075364743719013e-10,0.989453989384031
193.5935935935936,0.010546010756786503,-1.3945698983079044e-10,0.9894539893826716
193.7937937937938,0.010546010756849224,-1.381603322243906e-10,0.9894539893813122
193.993993993994,0.010546010756911944,-1.3686367461799095e-10,0.9894539893799529
194.1941941941942,0.010546010756974663,-1.3556701701159108e-10,0.9894539893785935
194.3943943943944,0.010546010757037384,-1.3427035940519142e-10,0.9894539893772342
194.5945945945946,0.010546010757100103,-1.3297370179879156e-10,0.9894539893758747
194.7947947947948,0.010546010757162824,-1.316770441923919e-10,0.9894539893745153
194.994994994995,0.010546010757225544,-1.3038038658599204e-10,0.989453989373156
195.1951951951952,0.010546010757288263,-1.2908372897959238e-10,0.9894539893717966
195.3953953953954,0.010546010757350984,-1.277870713731925e-10,0.9894539893704373
195.5955955955956,0.010546010757413704,-1.2649041376679285e-10,0.9894539893690778
195.7957957957958,0.010546010757476423,-1.2519375616039302e-10,0.9894539893677184
195.995995995996,0.010546010757539144,-1.2389709855399333e-10,0.9894539893663591
196.1961961961962,0.010546010757601865,-1.226004409475935e-10,0.9894539893649997
196.3963963963964,0.010546010757664584,-1.213037833411938e-10,0.9894539893636404
196.5965965965966,0.010546010757727304,-1.2000712573479397e-10,0.9894539893622809
196.7967967967968,0.010546010757790025,-1.1871046812839428e-10,0.9894539893609215
196.996996996997,0.010546010757852744,-1.1741381052199447e-10,0.9894539893595622
197.1971971971972,0.010546010757915465,-1.1611715291559479e-10,0.9894539893582028
197.3973973973974,0.010546010757978185,-1.1482049530919494e-10,0.9894539893568435
197.5975975975976,0.010546010758040904,-1.1352383770279526e-10,0.9894539893554841
197.7977977977978,0.010546010758103625,-1.1222718009639541e-10,0.9894539893541247
197.997997997998,0.010546010758166345,-1.1093052248999574e-10,0.9894539893527653
198.1981981981982,0.010546010758229064,-1.0963386488359589e-10,0.9894539893514059
198.3983983983984,0.010546010758291785,-1.0833720727719623e-10,0.9894539893500466
198.5985985985986,0.010546010758354506,-1.0704054967079638e-10,0.9894539893486872
198.7987987987988,0.010546010758417225,-1.0574389206439672e-10,0.9894539893473278
198.998998998999,0.010546010758479945,-1.0444723445799686e-10,0.9894539893459684
199.1991991991992,0.010546010758542666,-1.031505768515972e-10,0.989453989344609
199.3993993993994,0.010546010758605385,-1.0185391924519735e-10,0.9894539893432497
199.5995995995996,0.010546010758668106,-1.0055726163879767e-10,0.9894539893418903
199.7997997997998,0.010546010758730826,-9.926060403239784e-11,0.9894539893405309
200.0,0.010546010758793545,-9.796394642599815e-11,0.9894539893391715
