0.0,0.99,0.01,0.0
0.2002002002002002,0.9885370222602848,0.011124955255225508,0.00033802248448971966
0.4004004004004004,0.9869121691544047,0.012373797316277356,0.0007140335293180207
0.6006006006006006,0.9851082705165237,0.013759525744482118,0.0011322037389943178
0.8008008008008008,0.9831065065057796,0.015296354396917003,0.0015971390973036378
1.001001001001001,0.9808862648555547,0.016999807854459023,0.0021139272899864422
1.2012012012012012,0.9784250465441575,0.01888677858766892,0.002688174868173683
1.4014014014014016,0.9756983709722672,0.02097558142332315,0.00332604760440983
1.6016016016016017,0.9726796475940099,0.02328602815395504,0.004034324252035048
1.8018018018018018,0.9693400951650832,0.025839462323275917,0.004820442511641038
2.002002002002002,0.965648682503297,0.028658774854468043,0.0056925426422350526
2.2022022022022023,0.9615720444374654,0.03176841975678477,0.006659535805749997
2.4024024024024024,0.9570745247718603,0.035194343080165474,0.007731132147974311
2.6026026026026026,0.9521181866147768,0.03896391654186157,0.008917896843361747
2.802802802802803,0.9466629031672577,0.043105803355014315,0.010231293477728174
3.0030030030030033,0.940666532033499,0.04764974642487861,0.011683721541622368
3.2032032032032034,0.9340851469244962,0.05262630593300191,0.01328854714250194
3.4034034034034035,0.9268733593937116,0.05806651477603837,0.015060125830249953
3.6036036036036037,0.9189848137861831,0.06400138093155139,0.017013805282265523
3.8038038038038042,0.9103727198174565,0.0704613598910465,0.019165920291496996
4.004004004004004,0.9009905647814678,0.07747567142072172,0.02153376379781035
4.2042042042042045,0.8907929696413376,0.08507149623205137,0.02413553412661098
4.404404404404405,0.8797366811695093,0.09327306295291991,0.02699025587757061
4.604604604604605,0.8677817186597603,0.10210061288494036,0.030117668455299222
4.804804804804805,0.8548926469700765,0.11156927232127123,0.0335380807086521
5.005005005005005,0.8410399635186979,0.12168784872568554,0.03727218775561637
5.205205205205205,0.8262015503029323,0.13245759496242768,0.04134085473463987
5.405405405405406,0.8103642378020852,0.1438709245901115,0.045764837607803296
5.605605605605606,0.7935252037582057,0.15591029693811154,0.050564499303682724
5.805805805805806,0.7756933740923276,0.16854715723425281,0.05575946867341941
6.0060060060060065,0.7568906597997457,0.18174107187516875,0.06136826832508543
6.206206206206207,0.7371528638568738,0.19543920689456412,0.06740792924856195
6.406406406406407,0.7165302917818707,0.20957611985881308,0.07389358835931623
6.606606606606607,0.6950879215985721,0.22407399193181213,0.08083808646961568
6.806806806806807,0.6729050932470857,0.23884332447970713,0.0882515822732071
7.007007007007007,0.6500746756326197,0.2537841285025485,0.09614119586483164
7.207207207207207,0.6267017034689071,0.26878759692880877,0.104510699602284
7.407407407407407,0.602901509709403,0.2837382276480502,0.11336026264254649
7.6076076076076085,0.578797412022957,0.2985163039098705,0.12268628406717222
7.807807807807809,0.5545180617216611,0.3130006424196098,0.13248129585872884
8.008008008008009,0.5301945371803104,0.3270715003393722,0.14273396248031708
8.208208208208209,0.5059573844683751,0.34061343986591885,0.15342917566570563
8.408408408408409,0.48193370393902907,0.35351806109580486,0.1645482349651657
8.608608608608609,0.4582444298031453,0.365686456498411,0.17606911369844333
8.80880880880881,0.435001887942848,0.3770313153062222,0.18796679675092937
9.00900900900901,0.41230784130892145,0.3874784780777763,0.20021368061330178
9.20920920920921,0.39025195114674704,0.3969680372191248,0.21278001163412769
9.40940940940941,0.3689107742745756,0.4054548722359031,0.225634353489521
9.60960960960961,0.3483472507360552,0.41290868681957005,0.23874406244437438
9.80980980980981,0.3286106639183149,0.4193135797564395,0.2520757563252452
10.01001001001001,0.30973701291254274,0.42466722424772374,0.2655957628397332
10.21021021021021,0.2917497471477726,0.4289797118595235,0.2792705409927036
10.41041041041041,0.27466073530329643,0.43227221350684375,0.2930670511898594
10.61061061061061,0.2584714363487018,0.4345754739428501,0.3069530897084477
10.810810810810812,0.24317419689340572,0.43592823240475487,0.320897570701839
11.011011011011012,0.2287535766451119,0.43637566733773486,0.3348707560171528
11.211211211211213,0.21518765456446937,0.43596790773190774,0.3488444377036225
11.411411411411413,0.2024493083886972,0.43475861753623424,0.3627920740750682
11.611611611611613,0.19050738948951057,0.43280372899365227,0.37668888151683677
11.811811811811813,0.1793277823009371,0.4301603281455109,0.3905118895535516
12.012012012012013,0.16887435843344611,0.426885679762081,0.4042399618044725
12.212212212212213,0.15910979716906334,0.42303641521640734,0.41785378761452896
12.412412412412413,0.14999627926546374,0.4186678696691451,0.4313358510653908
12.612612612612613,0.14149606787288393,0.41383355065895255,0.44467038146816307
12.812812812812814,0.13357198083160388,0.4085847301989374,0.4578432889694583
13.013013013013014,0.12618774509740954,0.40297017456052986,0.47084208034206015
13.213213213213214,0.11930830597522567,0.3970359069904769,0.48365578703429696
13.413413413413414,0.11290000510623413,0.39082512936571767,0.4962748655280478
13.613613613613614,0.10693075955464905,0.384378126323252,0.5086911141220984
13.813813813813814,0.10137011297347953,0.3777323164253404,0.5208975706011796
14.014014014014014,0.09618932411018197,0.37092224621277525,0.5328884296770423
14.214214214214214,0.09136133925698314,0.36397971599325807,0.5446589447497584
14.414414414414415,0.08686081007173545,0.35693384258563626,0.5562053473426278
14.614614614614615,0.08266403016814061,0.3498112108930049,0.567524758938854
14.814814814814815,0.07874889912009493,0.34263598641217563,0.5786151144677288
15.015015015015017,0.07509484838515963,0.33543006590428937,0.5894750857105505
15.215215215215217,0.07168277152364685,0.32821321691554567,0.600104011560807
15.415415415415417,0.0684949486531922,0.32100321949590305,0.6105018318509042
15.615615615615617,0.06551496166353826,0.31381601226781597,0.6206690260686453
15.815815815815817,0.0627276203686741,0.30666582317111324,0.6306065564602121
16.016016016016017,0.06011887578023396,0.2995653086102015,0.6403158156095641
16.216216216216218,0.057675749316609314,0.2925256729435261,0.649798577739864
16.416416416416418,0.055386252184259625,0.28555679322561567,0.6590569545901241
16.616616616616618,0.05323931818270719,0.2786673276637202,0.6680933541535721
16.816816816816818,0.05122472984002088,0.2718648257411739,0.6769104444188047
17.017017017017018,0.04933306175236859,0.2651558204933337,0.6855111177542972
17.217217217217218,0.04755561416372568,0.2585459240566706,0.6938984617796031
17.41741741741742,0.045884359482508304,0.25203991123008357,0.7020757292874076
17.61761761761762,0.0443118881095549,0.24564179730928193,0.7100463145811625
17.81781781781782,0.042831360456458384,0.23935491104625745,0.7178137284972835
18.01801801801802,0.04143646150921178,0.233181959297061,0.7253815791937266
18.21821821821822,0.040121358324533514,0.22712508998830314,0.7327535516871627
18.41841841841842,0.03888066226413313,0.2211859454919708,0.7399333922438954
18.61861861861862,0.03770939223771248,0.21536571599100818,0.7469248917712787
18.81881881881882,0.03660294297694561,0.2096651839016137,0.7537318731214401
19.01901901901902,0.035557053766048126,0.20408476833510278,0.7603581778988485
19.21921921921922,0.03456778159782331,0.1986245623085671,0.766807656093609
19.41941941941942,0.03363147425407243,0.19328437048430577,0.7730841552616212
19.61961961961962,0.03274474867665456,0.1880637383658456,0.7791915129574993
19.81981981981982,0.03190447116014266,0.1829619787898492,0.7851335500500076
20.02002002002002,0.031107733265610085,0.17797820583621138,0.7909140608981781
20.22022022022022,0.03035183489014561,0.1731113572966926,0.7965368078131613
20.42042042042042,0.029634268220182808,0.1683602160475851,0.8020055157322316
20.62062062062062,0.028952704766539716,0.16372342525401185,0.8073238699794479
20.82082082082082,0.028304979992954022,0.15919950912343875,0.8124955108836067
21.02102102102102,0.027689077864838433,0.15478689430272885,0.817524027832432
21.22122122122122,0.027103123178788022,0.15048391722875776,0.8224129595924535
21.421421421421424,0.026545370268513967,0.14628883842949658,0.8271657913019888
21.621621621621625,0.02601419046667164,0.14219985933782753,0.8317859501955002
21.821821821821825,0.025508065329706137,0.13821512931017485,0.8362768053601183
22.022022022022025,0.02502557838515741,0.13433275539399103,0.8406416662208509
22.222222222222225,0.024565406123748718,0.130550813498155,0.8448837803780955
22.422422422422425,0.02412631205174823,0.12686735439073243,0.8490063335575185
22.622622622622625,0.023707140415034796,0.12328041043644007,0.8530124491485244
22.822822822822825,0.023306809393682404,0.11978800356546022,0.8569051870408565
23.023023023023026,0.022924306319441493,0.11638814998896006,0.8606875436915976
23.223223223223226,0.022558682927381384,0.11307886501710859,0.8643624520555092
23.423423423423426,0.02220904995532884,0.10985816863886917,0.8679327814058011
23.623623623623626,0.02187457338241068,0.10672408888794534,0.8714013377296431
23.823823823823826,0.0215544708297817,0.1036746649318695,0.8747708642383479
24.024024024024026,0.021248007266002386,0.10070795137249339,0.8780440413615034
24.224224224224226,0.020954492131880116,0.09782202032825199,0.8812234875398671
24.424424424424426,0.020673276552359343,0.09501496344978819,0.8843117599978517
24.624624624624627,0.020403749631267513,0.09228489545141907,0.8873113549173126
24.824824824824827,0.020145335837458332,0.08962995596742715,0.8902247081951138
25.025025025025027,0.019897493757437185,0.08704830935216307,0.893054196890399
25.225225225225227,0.0196597136097311,0.08453814644712579,0.8958021399431424
25.425425425425427,0.01943151414170295,0.08209768735177146,0.8984707985065249
25.625625625625627,0.01921244104075297,0.0797251818994962,0.9010623770597501
25.825825825825827,0.01900206606758615,0.07741890914947702,0.9035790247829361
26.026026026026027,0.01879998470132189,0.07517717910191356,0.9060228361967638
26.226226226226228,0.01860581435089232,0.07299833362272254,0.9083958520263844
26.426426426426428,0.01841919310263183,0.07088074660889487,0.9107000602884725
26.626626626626628,0.018239779194682528,0.06882282305579533,0.9129373977495213
26.826826826826828,0.018067248929442184,0.06682300059279107,0.9151097504777659
27.027027027027028,0.01790129558944172,0.06487974950331442,0.917218954907243
27.227227227227228,0.017741628547024987,0.06299157248103406,0.9192667989719402
27.42742742742743,0.017587972672346734,0.06115700395616661,0.9212550233714859
27.62762762762763,0.017440066816252552,0.059374610915295466,0.9231853222684512
27.82782782782783,0.017297663069060585,0.057642992538983646,0.9250593443919549
28.02802802802803,0.017160526165975108,0.05596077969713267,0.9268786941368915
28.22822822822823,0.017028432849923527,0.05432663453695664,0.9286449326131191
28.42842842842843,0.01690117082254266,0.05273925067301997,0.9303595785044366
28.62862862862863,0.01677853818995365,0.05119735272282526,0.9320241090872203
28.82882882882883,0.016660343068723504,0.04969969557168734,0.9336399613595884
29.02902902902903,0.016546402925352987,0.04824506412506539,0.9352085329495808
29.22922922922923,0.016436543917890182,0.04683227309333935,0.9367311829887697
29.42942942942943,0.016330600447634208,0.04546016646194397,0.9382092330904211
29.62962962962963,0.016228414879619426,0.04412761677074235,0.9396439683496375
29.82982982982983,0.016129836948038115,0.04283352486248448,0.9410366381894767
30.030030030030034,0.016034723326074984,0.041576819428660546,0.9423884572452638
30.230230230230234,0.015942937301439145,0.040356456426158684,0.9437006062724015
30.430430430430434,0.01585434859704748,0.03917141829368313,0.9449742331092688
30.630630630630634,0.01576883273885612,0.03802071389981332,0.9462104533613299
30.830830830830834,0.015686270781900085,0.036903377962380066,0.9474103512557192
31.031031031031034,0.01560654898172871,0.03581847057947418,0.9485749804387964
31.231231231231234,0.015529558513658772,0.034765076712271234,0.9497053647740693
31.431431431431434,0.015455195884850262,0.03374230461736304,0.950802499497786
31.631631631631635,0.015383361996065449,0.03274928640032655,0.9518673516036072
31.831831831831835,0.015313961888167124,0.031785177529811234,0.952900860582021
32.032032032032035,0.015246904614795135,0.03084915617868497,0.9539039392065192
32.232232232232235,0.0151821029999365,0.029940422766733824,0.9548774742333289
32.432432432432435,0.015119473833821716,0.029058198903167815,0.9558223272630098
32.632632632632635,0.015058937501335622,0.028201727155048102,0.9567393353436155
32.832832832832835,0.015000417541028491,0.027370270934744912,0.9576293115242258
33.033033033033036,0.014943840619780225,0.02656311381801993,0.9584930455621992
33.233233233233236,0.01488913635317211,0.025779559100651397,0.9593313045461758
33.433433433433436,0.014836237307315302,0.025018929109212905,0.9601448335834711
33.633633633633636,0.01478507899854926,0.024280564533736948,0.9609343564677131
33.833833833833836,0.01473559938743439,0.023563824517543533,0.9617005760950214
34.034034034034036,0.014687738897510199,0.022868085998054462,0.9624441751044346
34.234234234234236,0.014641440287384738,0.022192743279138494,0.9631658164334761
34.434434434434436,0.014596648573622507,0.021537207542993597,0.9638661438833832
34.63463463463464,0.014553311102425992,0.02090090615239977,0.9645457827451736
34.83483483483484,0.014511377193331553,0.020283282618237898,0.9652053401884299
35.03503503503504,0.014470798108252735,0.019683796088245428,0.9658454058035011
35.23523523523524,0.014431526967559775,0.01910192093065763,0.9664665521017819
35.43543543543544,0.014393518665882125,0.018537146338623203,0.967069334995494
35.63563563563564,0.014356729930495327,0.017988975806599174,0.9676542942629047
35.83583583583584,0.014321119105699574,0.017456926890483254,0.9682219540038164
36.03603603603604,0.01428664607667034,0.016940530842415213,0.9687728230809137
36.23623623623624,0.014253272220941979,0.016439332230646347,0.9693073955484109
36.43643643643644,0.01422096033706651,0.015952888593785432,0.9698261510691474
36.63663663663664,0.014189674654682153,0.015480769986851908,0.9703295553584652
36.83683683683684,0.014159380742112464,0.015022558691230831,0.970818060566656
37.03703703703704,0.014130045400803457,0.014577848955731939,0.9712921056434639
37.23723723723724,0.01410163663785198,0.014146246633070753,0.9717521167290766
37.43743743743744,0.014074123610805464,0.013727368868174149,0.9721985075210197
37.63763763763764,0.014047476605337407,0.013320843765201852,0.9726316796294601
37.83783783783784,0.014021667022376255,0.012926310064019772,0.9730520229136033
38.03803803803804,0.013996667250764188,0.012543416908812569,0.9734599158404226
38.23823823823824,0.013972450664071845,0.012171823539402493,0.973855725796525
38.43843843843844,0.01394899157342141,0.011811199013758596,0.9742398094128193
38.63863863863864,0.013926265205107466,0.01146122192337038,0.9746125128715215
38.83883883883884,0.013904247720297292,0.011121580081119384,0.9749741721985827
39.03903903903904,0.01388291607389364,0.010791970352904509,0.9753251135732012
39.23923923923924,0.013862248009724885,0.010472098382222841,0.9756656536080517
39.43943943943944,0.013842222029023129,0.01016167834530633,0.9759960996256699
39.63963963963964,0.013822817353742127,0.009860432718625228,0.9763167499276321
39.83983983983984,0.013804013890340345,0.00956809205401065,0.9766278940556484
40.04004004004004,0.013785792281529622,0.009284394670859552,0.9769298130476102
40.24024024024024,0.013768133993379929,0.009009086319857113,0.9772227796867623
40.44044044044044,0.013751021001410568,0.008741920269728485,0.9775070587288602
40.64064064064064,0.01373443588116696,0.008482656983569549,0.9777829071352628
40.84084084084084,0.013718361789940339,0.008231063915912554,0.9780505742941464
41.04104104104104,0.01370278244309614,0.007986915323470605,0.9783103022334326
41.24124124124124,0.013687682091442051,0.00774999208290678,0.9785623258256505
41.44144144144144,0.013673045542799755,0.007520081345640034,0.9788068731115595
41.64164164164164,0.013658858154096447,0.00729697631986871,0.9790441655260341
41.84184184184184,0.013645105735456266,0.007080476410274379,0.9792744178542686
42.04204204204204,0.013631774573530799,0.006870386899258641,0.9794978385272098
42.24224224224224,0.013618851417511681,0.006666518786264011,0.9797146297962236
42.44244244244244,0.013606323466072623,0.006468688634553752,0.9799249878993729
42.64264264264264,0.0135941783553233,0.006276718423544537,0.9801291032211313
42.84284284284285,0.013582404066346372,0.006090435148941218,0.9803271607847116
43.04304304304305,0.013570988950501659,0.005909670797996122,0.9805193402515014
43.24324324324325,0.013559921785767582,0.005734262425362003,0.9807058157888696
43.44344344344345,0.013549191722269142,0.005564051880531279,0.9808867563971988
43.64364364364365,0.013538788272217075,0.005398885678202191,0.98106232604958
43.84384384384385,0.013528701300810457,0.005238614874044481,0.9812326838251443
44.04404404404405,0.013518921015426727,0.00508309493774361,0.9813979840468289
44.24424424424425,0.013509437860462303,0.004932185342196483,0.9815583767973405
44.44444444444445,0.01350024259212549,0.004785749701288153,0.9817140077065856
44.64464464464465,0.013491326297888198,0.004643655742199018,0.981865017959912
44.84484484484485,0.013482680355705514,0.004505775097400055,0.9820115445468937
45.04504504504505,0.013474296426209521,0.0043719831991914,0.9821537203745984
45.24524524524525,0.013466166445593048,0.004242159178810466,0.9822916743755957
45.44544544544545,0.013458282613654688,0.004116185748828882,0.9824255316375157
45.64564564564565,0.013450637316549793,0.003993948836137223,0.9825554138473123
45.84584584584585,0.013443223200935685,0.003875337799581618,0.982681438999482
46.04604604604605,0.013436033163566665,0.003760245324068311,0.9828037215123643
46.24624624624625,0.01342906032938832,0.0036485672723142737,0.9829223723982967
46.44644644644645,0.013422298045438036,0.003540202599351911,0.9830374993552093
46.64664664664665,0.013415739875246852,0.0034350532708774446,0.983149206853875
46.84684684684685,0.01340937958577383,0.003333024146701357,0.9832575962675241
47.04704704704705,0.01340321109504503,0.0032340226745661373,0.9833627662303881
47.24724724724725,0.013397228533401202,0.0031379591376917747,0.9834648123289063
47.44744744744745,0.01339142622319959,0.0030447465072830464,0.9835638272695166
47.64764764764765,0.013385798667002647,0.002954300337702956,0.9836599009952937
47.84784784784785,0.01338034054278116,0.002866538697153802,0.9837531207600643
48.04804804804805,0.013375046699486645,0.0027813821015596923,0.9838435711989529
48.24824824824825,0.013369912140945128,0.0026987533812726995,0.9839313344777815
48.44844844844845,0.013364931989649947,0.0026185774314035565,0.9840164905789458
48.64864864864865,0.013360101545544604,0.00254078151808141,0.9840991169363733
48.84884884884885,0.013355416259853219,0.0024652950895081975,0.9841792886506379
49.04904904904905,0.013350871728231954,0.0023920497009208876,0.9842570785708464
49.24924924924925,0.01334646368735653,0.002320978960670056,0.9843325573519728
49.44944944944945,0.013342188011816572,0.0022520184791351944,0.9844057935090476
49.64964964964965,0.013338040711316787,0.0021851058204767474,0.9844768534682058
49.84984984984985,0.013334017912108245,0.0021201803518354715,0.9845458017360555
50.050050050050054,0.013330115800494886,0.0020571828447452974,0.9846127013547591
50.250250250250254,0.013326330716967255,0.001996056064792701,0.9846776132182393
50.450450450450454,0.01332265912149127,0.0019367445174715153,0.9847405963610365
50.650650650650654,0.013319097584503782,0.001879194363381338,0.9848017080521142
50.850850850850854,0.01331564278410933,0.0018233533749024786,0.9848610038409875
51.051051051051054,0.013312291503487521,0.001769170895077077,0.9849185376014348
51.251251251251254,0.013309040628511078,0.001716597798696398,0.9849743615727918
51.451451451451454,0.013305887138046079,0.0016655863962500507,0.9850285264657032
51.651651651651655,0.013302828070403777,0.0016160901504307574,0.9850810817791648
51.851851851851855,0.013299860573719,0.001568064054752997,0.9851320753715274
52.052052052052055,0.013296981888037131,0.0015214644743967057,0.9851815536375654
52.252252252252255,0.013294189339058606,0.0014762490794892403,0.9852295615814515
52.452452452452455,0.01329148033601522,0.0014323768115031485,0.9852761428524809
52.652652652652655,0.013288852369704588,0.0013898078514460429,0.9853213397788487
52.852852852852855,0.013286303010682673,0.0013485035898425746,0.985365193399474
53.053053053053056,0.01328382990244431,0.0013084265527458679,0.9854077435448092
53.253253253253256,0.013281430733068308,0.0012695401375251185,0.9854490291294059
53.453453453453456,0.01327910327548877,0.0012318089564774142,0.9854890877680331
53.653653653653656,0.01327684537467732,0.0011951987109242927,0.9855279559143978
53.853853853853856,0.013274654942016876,0.0011596761293554626,0.9855656689286271
54.054054054054056,0.013272529953629932,0.0011252089409677802,0.9856022611054016
54.254254254254256,0.013270468448822405,0.0010917658506196058,0.9856377657005574
54.454454454454456,0.013268468528643032,0.0010593165152005374,0.9856722149561558
54.65465465465466,0.013266528351475241,0.0010278314895196654,0.9857056401590044
54.85485485485486,0.013264646111967732,0.0009972820000388718,0.9857380718879928
55.05505505505506,0.013262820068892405,0.0009676402250195931,0.9857695397060874
55.25525525525526,0.013261048537178516,0.0009388792042632567,0.9858000722585576
55.45545545545546,0.013259329883287154,0.0009109727836298615,0.9858296973330823
55.65565565565566,0.013257662523885454,0.0008838955939150151,0.9858584418821988
55.85585585585586,0.013256044924606011,0.0008576230308283106,0.985886332044565
56.05605605605606,0.013254475598891495,0.0008321312360730427,0.9859133931650348
56.25625625625626,0.013252953105269912,0.0008073970618581249,0.9859396498328713
56.45645645645646,0.01325147603308866,0.0007833979123510157,0.9859651260545597
56.65665665665666,0.013250043019858616,0.0007601119228908321,0.98598984505725
56.85685685685686,0.013248652746840754,0.0007375179070413181,0.9860138293461173
57.05705705705706,0.013247303935530063,0.000715595313417969,0.9860371007510513
57.25725725725726,0.013245995346634861,0.0006943242093550496,0.9860596804440095
57.45745745745746,0.013244725779121481,0.0006736852654625117,0.9860815889554154
57.65765765765766,0.013243494069324365,0.0006536597410728049,0.9861028461896022
57.85785785785786,0.013242299089020571,0.0006342294572411147,0.9861234714537376
58.05805805805806,0.013241139733553347,0.0006153766493057224,0.9861434836171402
58.25825825825826,0.013240014935518157,0.0005970841291891196,0.986162900935292
58.45845845845846,0.013238923662038198,0.0005793352490129636,0.9861817410889481
58.65865865865866,0.013237864911611186,0.0005621138596177159,0.9862000212287704
58.85885885885886,0.01323683771330202,0.0005454042975957865,0.9862177579891015
59.05905905905906,0.013235841125984499,0.0005291913730167666,0.986234967500998
59.25925925925926,0.013234874237632113,0.0005134603578447493,0.9862516654045225
59.45945945945946,0.013233936164019033,0.0004981969669393858,0.9862678668690408
59.65965965965966,0.013233026039928321,0.00048338724402995363,0.986283586716041
59.85985985985987,0.013232143028692132,0.00046901768042332154,0.9862988392908838
60.06006006006007,0.013231286320791407,0.00045507519492749216,0.9863136384842803
60.26026026026027,0.013230455131264621,0.00044154709872910695,0.9863279977700055
60.46046046046047,0.013229648699085291,0.0004284210853273319,0.9863419302155866
60.66066066066067,0.013228866286577863,0.00041568522102407773,0.9863554484923973
60.86086086086087,0.013228107178871955,0.0004033279359705589,0.9863685648851567
61.06106106106107,0.013227370683378873,0.0003913380155569073,0.9863812913010634
61.26126126126127,0.013226656123467309,0.0003797045151004715,0.9863936393614314
61.46146146146147,0.013225962841306423,0.0003684167958755671,0.9864056203628172
61.66166166166167,0.01322529020210846,0.00035746457970907967,0.9864172452181816
61.86186186186187,0.013224637590262886,0.0003468378963417565,0.9864285245133946
62.06206206206207,0.013224004408840641,0.00033652707542846424,0.9864394685157301
62.26226226226227,0.013223390079127399,0.000326522738970158,0.9864500871819016
62.46246246246247,0.013222794040185733,0.0003168157941775616,0.9864603901656359
62.66266266266267,0.013222215748446267,0.00030739742676655905,0.9864703868247864
62.86286286286287,0.013221654675168178,0.00029825906438979123,0.9864800862604411
63.06306306306307,0.013221110303583042,0.00028939233565157264,0.9864894973607645
63.26326326326327,0.013220582135577556,0.00028078916296337867,0.9864986287014582
63.46346346346347,0.013220069688198317,0.0002724417126447343,0.9865074885991562
63.66366366366367,0.01321957249310496,0.0002643423864104607,0.9865160851204837
63.86386386386387,0.013219090096201458,0.0002564838153826683,0.9865244260884151
64.06406406406407,0.013218622057289638,0.0002488588544400498,0.9865325190882694
64.26426426426427,0.013218167949744923,0.00024146057690447396,0.9865403714733497
64.46446446446447,0.013217727359590002,0.00023428226061415433,0.9865479903797951
64.66466466466467,0.013217299881519722,0.00022731733030395822,0.9865553827881756
64.86486486486487,0.013216885124234147,0.0002205594334591674,0.9865625554423059
65.06506506506507,0.013216482708763832,0.00021400241571458063,0.9865695148755208
65.26526526526527,0.013216092267580994,0.00020764030754005344,0.9865762674248781
65.46546546546547,0.013215713444308323,0.00020146731951332095,0.9865828192361776
65.66566566566567,0.013215345893444896,0.00019547783785662482,0.9865891762686977
65.86586586586587,0.013214989280109177,0.00018966642023714487,0.9865953442996529
66.06606606606607,0.01321464327971946,0.00018402779064978514,0.98660132892963
66.26626626626627,0.01321430757485477,0.00017855679249745342,0.9866071356326471
66.46646646646647,0.01321398185781706,0.00017324842623002635,0.9866127697159522
66.66666666666667,0.013213665831153956,0.00016809785674893983,0.9866182363120964
66.86686686686687,0.013213359206367552,0.0001631003939221594,0.9866235403997096
67.06706706706707,0.013213061703682983,0.00015825148882509272,0.9866286868074913
67.26726726726727,0.013212773051830076,0.000153546730186038,0.9866336802179833
67.46746746746747,0.013212492987838104,0.00014898184103616827,0.986638525171125
67.66766766766767,0.013212221256843655,0.00014455267556405166,0.9866432260675916
67.86786786786787,0.013211957610564389,0.0001402551958583877,0.9866477871935765
68.06806806806807,0.013211701806965303,0.00013608546664123976,0.9866522127263928
68.26826826826827,0.013211453612530772,0.00013203968930439078,0.9866565066981642
68.46846846846847,0.013211212800773859,0.0001281141792090622,0.9866606730200164
68.66866866866867,0.013210979152044538,0.00012430536258094726,0.9866647154853738
68.86886886886887,0.013210752453357646,0.00012060977370944735,0.9866686377729322
69.06906906906907,0.013210532498230992,0.00011702405230729311,0.986672443449461
69.26926926926927,0.01321031908653364,0.00011354494103055008,0.9866761359724351
69.46946946946947,0.0132101120216662,0.00011016924086795553,0.9866797187374652
69.66966966966967,0.013209911119091726,0.0001068939472806145,0.986683194933627
69.86986986986987,0.013209716191239992,0.00010371600900380044,0.9866865677997555
70.07007007007007,0.013209527060596074,0.00010063253636322827,0.9866898404030401
70.27027027027027,0.01320934355487578,9.764072466101681e-05,0.9866930157204625
70.47047047047047,0.01320916550692987,9.473785260024899e-05,0.9866960966404692
70.67067067067067,0.013208992754648244,9.192128070953205e-05,0.9866990859646416
70.87087087087087,0.013208825140864152,8.918844976755779e-05,0.9867019864093677
71.07107107107107,0.013208662513088162,8.653687658252668e-05,0.9867048006103287
71.27127127127127,0.013208504721359727,8.396412052193382e-05,0.9867075311581177
71.47147147147147,0.01320835162112174,8.146782809178152e-05,0.9867101805507859
71.67167167167167,0.013208203072761797,7.90457257215772e-05,0.986712751201516
71.87187187187187,0.013208058940958512,7.669560952024874e-05,0.9867152454495206
72.07207207207207,0.013207919094576123,7.441534355151345e-05,0.9867176655618717
72.27227227227228,0.013207783406559087,7.220285810924718e-05,0.986720013735331
72.47247247247248,0.013207651753826688,7.005614799285332e-05,0.9867222920981799
72.67267267267268,0.013207524017167632,6.797327078263192e-05,0.9867245027120491
72.87287287287288,0.013207400081134652,6.59523451151487e-05,0.9867266475737496
73.07307307307308,0.013207279833939111,6.399154895860415e-05,0.9867287286171017
73.27327327327328,0.013207163165709527,6.208909282833242e-05,0.9867307477414614
73.47347347347348,0.01320704996813796,6.024321426044288e-05,0.986732706817601
73.67367367367368,0.013206940138076129,5.845223278315243e-05,0.98673460762914
73.87387387387388,0.013206833575405832,5.67145171880253e-05,0.9867364519074054
74.07407407407408,0.013206730182888322,5.502848311236884e-05,0.9867382413339986
74.27427427427428,0.013206629866045328,5.339259110671493e-05,0.9867399775428473
74.47447447447448,0.013206532533040088,5.1805344702301556e-05,0.9867416621222569
74.67467467467468,0.013206438094558376,5.026528847855424e-05,0.9867432966169624
74.87487487487488,0.013206346463689528,4.877100613056759e-05,0.9867448825301792
75.07507507507508,0.013206257555807479,4.7321118536586765e-05,0.9867464213256553
75.27527527527528,0.013206171288928675,4.591428960822859e-05,0.9867479144214624
75.47547547547548,0.0132060875877794,4.454929267700478e-05,0.9867493631195429
75.67567567567568,0.01320600637713704,4.322490183483558e-05,0.9867507687210274
75.87587587587588,0.01320592758296405,4.193991044905537e-05,0.9867521325065861
76.07607607607608,0.013205851133273955,4.0693145304374386e-05,0.9867534557214209
76.27627627627628,0.013205776958032338,3.948346499600715e-05,0.9867547395769709
76.47647647647648,0.013205704989057812,3.8309758322801046e-05,0.9867559852526187
76.67667667667668,0.013205635159923016,3.717094268036484e-05,0.9867571938973959
76.87687687687688,0.01320556740585559,3.6065962454197185e-05,0.9867583666316895
77.07707707707708,0.01320550166363916,3.499378741281513e-05,0.9867595045489473
77.27727727727728,0.013205437871514326,3.3953411100882663e-05,0.986760608717384
77.47747747747748,0.01320537597283015,3.2943909903323e-05,0.9867616801172658
77.67767767767768,0.013205315915319813,3.1964431322629733e-05,0.9867627196533568
77.87787787787788,0.013205257644422925,3.1014085950647375e-05,0.9867637282696257
78.07807807807808,0.013205201107101832,3.00920091988937e-05,0.9867647068836986
78.27827827827828,0.013205146251791507,2.9197360482717775e-05,0.9867656563877251
78.47847847847848,0.013205093028327933,2.8329322057787237e-05,0.9867665776496135
78.67867867867868,0.013205041387876499,2.7487097856575656e-05,0.9867674715142662
78.87887887887888,0.013204991282860389,2.666991232484983e-05,0.9867683388048141
79.07907907907908,0.013204942666888972,2.5877009258157134e-05,0.9867691803238522
79.27927927927928,0.013204895494686187,2.510765063831282e-05,0.9867699968546748
79.47947947947948,0.013204849722554809,2.436112414477359e-05,0.9867707891532997
79.67967967967968,0.013204805311797524,2.363679853335245e-05,0.9867715578896684
79.87987987987988,0.013204762222752558,2.293402707647528e-05,0.9867723037501702
80.08008008008008,0.01320472041618687,2.2252170112966295e-05,0.9867730274136994
80.28028028028028,0.013204679853937544,2.1590605427131332e-05,0.9867737295406346
80.48048048048048,0.013204640498857455,2.0948727364769164e-05,0.986774410773777
80.68068068068068,0.013204602314760916,2.032594594918282e-05,0.9867750717392892
80.88088088088088,0.01320456526636934,1.97216859971909e-05,0.9867757130476328
81.08108108108108,0.013204529319256895,1.913538623513889e-05,0.9867763352945073
81.28128128128128,0.013204494439796169,1.8566498414910497e-05,0.9867769390617882
81.48148148148148,0.013204460595103813,1.801448642993894e-05,0.9867775249184656
81.68168168168168,0.013204427730605118,1.7478461008063864e-05,0.9867780938083861
81.88188188188188,0.013204395878726719,1.6958949091263157e-05,0.9867786451721814
82.08208208208208,0.01320436497109248,1.6454836823084733e-05,0.9867791801920838
82.28228228228228,0.013204334980734473,1.5965684424626617e-05,0.9867796993348402
82.48248248248248,0.013204305881161695,1.5491059901407874e-05,0.9867802030589362
82.68268268268268,0.013204277646360077,1.5030539043368586e-05,0.9867806918145958
82.88288288288288,0.013204250250792481,1.4583705424869859e-05,0.986781166043782
83.08308308308308,0.0132042236693987,1.4150150404693828e-05,0.9867816261801959
83.28328328328328,0.013204197877595457,1.3729473126043648e-05,0.9867820726492779
83.48348348348348,0.013204172851276404,1.3321280516543505e-05,0.9867825058682064
83.68368368368368,0.013204148567348195,1.2925196000058088e-05,0.9867829262366511
83.88388388388388,0.013204125006181566,1.254089932990299e-05,0.9867833340944878
84.08408408408408,0.013204102146656538,1.2168046067057418e-05,0.9867837298072757
84.28428428428428,0.013204079967748547,1.1806293356771812e-05,0.986784113738894
84.48448448448448,0.013204058448994178,1.1455307497447718e-05,0.9867844862435077
84.68468468468468,0.013204037570491173,1.1114763940637765e-05,0.9867848476655675
84.88488488488488,0.013204017312898428,1.0784347291045686e-05,0.9867851983398098
85.08508508508508,0.013203997657435991,1.0463751306526303e-05,0.9867855385912568
85.28528528528528,0.013203978585885064,1.0152678898085536e-05,0.9867858687352162
85.4854854854855,0.013203960080588004,9.850842129880375e-06,0.9867861890772814
85.6856856856857,0.01320394212444832,9.557962219218974e-06,0.9867864999133318
85.8858858858859,0.013203924700930673,9.273769536560513e-06,0.9867868015295321
86.0860860860861,0.013203907793992364,8.998002459802531e-06,0.9867870942035472
86.2862862862863,0.013203891387868077,8.730403774977937e-06,0.9867873782083563
86.4864864864865,0.01320387546756275,8.470728917727662e-06,0.9867876538035188
86.6866866866867,0.013203860018668748,8.218742916219697e-06,0.9867879212384143
86.8868868868869,0.01320384502733125,7.974219812208557e-06,0.9867881807528558
87.0870870870871,0.013203830480248238,7.736942661035285e-06,0.98678843257709
87.2872872872873,0.0132038163646705,7.50670353162745e-06,0.9867886769317972
87.4874874874875,0.013203802668401632,7.283303506499146e-06,0.9867889140280912
87.6876876876877,0.013203789379798037,7.066552681750997e-06,0.9867891440675195
87.8878878878879,0.01320377648776893,6.856270167070149e-06,0.9867893672420633
88.0880880880881,0.013203763981776324,6.6522840857302775e-06,0.9867895837341373
88.2882882882883,0.013203751851835047,6.454431574591583e-06,0.9867897937165897
88.4884884884885,0.01320374008684635,6.262531618800204e-06,0.9867899973815341
88.6886886886887,0.013203728671111215,6.076328211647722e-06,0.9867901950006764
88.8888888888889,0.01320371759370895,5.8956432444385e-06,0.9867903867630459
89.0890890890891,0.01320370684458853,5.72031278744513e-06,0.9867905728426233
89.2892892892893,0.013203696414089944,5.550179287033483e-06,0.9867907534066223
89.4894894894895,0.013203686292944203,5.385091565662701e-06,0.9867909286154894
89.6896896896897,0.013203676472273329,5.224904821885204e-06,0.986791098622904
89.8898898898899,0.01320366694359037,5.0694806303466835e-06,0.9867912635757785
90.0900900900901,0.013203657698799384,4.918686941786107e-06,0.9867914236142581
90.2902902902903,0.013203648730195448,4.772398083035715e-06,0.9867915788717208
90.4904904904905,0.01320364003046466,4.630494757021025e-06,0.9867917294747776
90.6906906906907,0.013203631592684133,4.4928640427608274e-06,0.9867918755432724
90.8908908908909,0.01320362340881035,4.359374751126876e-06,0.9867920172164377
91.0910910910911,0.013203615467721305,4.229845506000309e-06,0.986792154686772
91.2912912912913,0.013203607761860655,4.104153063404816e-06,0.9867922880850751
91.4914914914915,0.013203600284178383,3.982182435182959e-06,0.9867924175333856
91.6916916916917,0.013203593027895892,3.86382305958581e-06,0.9867925431490437
91.8918918918919,0.013203585986506014,3.7489688012729448e-06,0.986792665044692
92.0920920920921,0.013203579153773006,3.6375179513124416e-06,0.9867927833282749
92.2922922922923,0.01320357252373255,3.529373227180884e-06,0.9867928981030395
92.4924924924925,0.01320356609069176,3.424441772763361e-06,0.9867930094675347
92.6926926926927,0.013203559849229166,3.3226351583534647e-06,0.9867931175156117
92.8928928928929,0.013203553794194738,3.223869380653293e-06,0.9867932223364239
93.0930930930931,0.013203547920709857,3.1280648627734474e-06,0.9867933240144267
93.2932932932933,0.013203542223045556,3.0351281637565946e-06,0.9867934226487899
93.4934934934935,0.013203536693868777,2.9449396892950324e-06,0.9867935183664411
93.6936936936937,0.013203531328056498,2.8574158800130925e-06,0.9867936112560627
93.8938938938939,0.013203526120769542,2.7724778055328714e-06,0.9867937014014241
94.0940940940941,0.013203521067366534,2.6900497612790195e-06,0.9867937888828714
94.2942942942943,0.013203516163403877,2.6100592684787416e-06,0.9867938737773267
94.4944944944945,0.013203511404635777,2.532437074161795e-06,0.9867939561582892
94.6946946946947,0.013203506787014223,2.4571171511604914e-06,0.9867940360958338
94.8948948948949,0.013203502306689,2.3840366981096974e-06,0.9867941136566121
95.0950950950951,0.013203497960007677,2.313136139446832e-06,0.9867941889038521
95.2952952952953,0.01320349374351562,2.244359125411869e-06,0.9867942618973581
95.4954954954955,0.013203489653955989,2.1776525320473344e-06,0.9867943326935111
95.6956956956957,0.013203485686872499,2.1129436758553494e-06,0.9867944013694507
95.8958958958959,0.013203481836476436,2.05013814488505e-06,0.9867944680253777
96.0960960960961,0.013203478099243784,1.9891784591927485e-06,0.9867945327222961
96.2962962962963,0.013203474471843371,1.9300102839689145e-06,0.9867945955178717
96.4964964964965,0.013203470951091647,1.8725816921379272e-06,0.9867946564672153
96.6966966966967,0.013203467533952693,1.8168431643580743e-06,0.986794715622882
96.8968968968969,0.013203464217538215,1.7627475890215526e-06,0.9867947730348718
97.0970970970971,0.013203460999107542,1.7102502622544688e-06,0.9867948287506293
97.2972972972973,0.013203457876067632,1.659308887916838e-06,0.9867948828150436
97.4974974974975,0.013203454845973068,1.6098835776025855e-06,0.9867949352704484
97.6976976976977,0.013203451906526059,1.5619368506395447e-06,0.9867949861566224
97.8978978978979,0.01320344905557644,1.5154336340894591e-06,0.9867950355107885
98.0980980980981,0.01320344629112167,1.4703412627479812e-06,0.9867950833676147
98.2982982982983,0.01320344361130684,1.4266294791446723e-06,0.9867951297592131
98.4984984984985,0.01320344101442466,1.3842704335430034e-06,0.9867951747151409
98.6986986986987,0.013203438496812372,1.343204385232408e-06,0.9867952182988015
98.8988988988989,0.013203436053748472,1.3033543267985632e-06,0.9867952605919238
99.0990990990991,0.01320343368295759,1.2646831443607558e-06,0.9867953016338972
99.2992992992993,0.013203431382260737,1.227155295909372e-06,0.9867953414624424
99.4994994994995,0.013203429149565302,1.1907366483212506e-06,0.9867953801137854
99.6996996996997,0.013203426982865054,1.155394477359684e-06,0.9867954176226567
99.8998998998999,0.013203424880240138,1.1210974676744173e-06,0.9867954540222913
100.10010010010011,0.01320342283985708,1.0878157128016492e-06,0.9867954893444292
100.30030030030031,0.013203420859968793,1.0555207151640309e-06,0.9867955236193151
100.50050050050051,0.013203418938914557,1.0241853860706678e-06,0.9867955568756984
100.70070070070071,0.01320341707512004,9.937840457171177e-07,0.9867955891408333
100.90090090090091,0.013203415267097288,9.642924231853918e-07,0.9867956204404786
101.10110110110111,0.013203413513444727,9.356876564439545e-07,0.986795650798898
101.30130130130131,0.01320341181284716,9.079482923477234e-07,0.9867956802388596
101.50150150150151,0.013203410164075169,8.810542768269318e-07,0.9867957087816471
101.70170170170171,0.013203408564797021,8.549675776076213e-07,0.9867957364676244
101.90190190190191,0.013203407012567064,8.296483045758373e-07,0.9867957633391274
102.10210210210211,0.013203405505944472,8.050729558894807e-07,0.9867957894210987
102.30230230230231,0.013203404043546125,7.812189709963232e-07,0.986795814737482
102.50250250250251,0.013203402624046614,7.580647306340073e-07,0.9867958393112218
102.70270270270271,0.013203401246178241,7.35589556830046e-07,0.986795863164264
102.90290290290291,0.013203399908731017,7.137737129018235e-07,0.9867958863175552
103.10310310310311,0.01320339861055266,6.925984034565939e-07,0.986795908791043
103.30330330330331,0.0132033973505486,6.720457743914829e-07,0.9867959306036761
103.50350350350351,0.013203396127681974,6.520989128934861e-07,0.9867959517734042
103.70370370370371,0.013203394940973633,6.327418474394703e-07,0.986795972317178
103.90390390390391,0.013203393789502131,6.139595477961729e-07,0.9867959922509492
104.10410410410411,0.013203392672403736,5.957379250202018e-07,0.9867960115896703
104.30430430430431,0.013203391588872427,5.780638314580358e-07,0.9867960303472952
104.50450450450451,0.013203390538150847,5.60924913307318e-07,0.9867960485369349
104.70470470470471,0.01320338951865467,5.442953287167413e-07,0.9867960661860157
104.90490490490491,0.013203388528952677,5.281517330042178e-07,0.9867960833193133
105.10510510510511,0.013203387568162191,5.124797285435158e-07,0.9867960999521083
105.30530530530531,0.013203386635439646,4.972655554882628e-07,0.9867961160990039
105.50550550550551,0.013203385729980576,4.824960917719462e-07,0.9867961317739267
105.70570570570571,0.013203384851019608,4.681588531079127e-07,0.9867961469901263
105.90590590590591,0.013203383997830479,4.5424199298936884e-07,0.9867961617601756
106.10610610610611,0.013203383169726022,4.4073430268938057e-07,0.9867961760959704
106.30630630630631,0.013203382366058171,4.2762521126087346e-07,0.9867961900087296
106.50650650650651,0.013203381586217965,4.149047855366326e-07,0.9867962035089956
106.70670670670671,0.013203380829635536,4.025637301293027e-07,0.9867962166066334
106.90690690690691,0.013203380095780124,3.9059338743138796e-07,0.9867962293108314
107.10710710710711,0.013203379384160068,3.7898573761525226e-07,0.9867962416301014
107.30730730730731,0.013203378694322804,3.67733398633119e-07,0.9867962535722776
107.50750750750751,0.01320337798214584,3.5611667508670637e-07,0.9867962659011781
107.70770770770771,0.013203377344452863,3.457148871708897e-07,0.986796276940659
107.90790790790791,0.013203376723763016,3.355904475326507e-07,0.9867962876857885
108.10810810810811,0.013203376119799052,3.2573883369768103e-07,0.9867962981413663
108.30830830830831,0.013203375532283713,3.1615552319167234e-07,0.9867963083121921
108.50850850850851,0.01320337496093975,3.0683599354031627e-07,0.9867963182030658
108.70870870870871,0.013203374405489908,2.9777572226930444e-07,0.9867963278187869
108.90890890890891,0.013203373865656934,2.8897018690432844e-07,0.9867963371641552
109.10910910910911,0.013203373341163576,2.8041486497108005e-07,0.9867963462439705
109.30930930930931,0.01320337283173258,2.7210523399525083e-07,0.9867963550630324
109.50950950950951,0.013203372337086697,2.6403677150253243e-07,0.9867963636261409
109.70970970970971,0.013203371856948668,2.562049550186165e-07,0.9867963719380953
109.90990990990991,0.013203371391041245,2.4860526206919467e-07,0.9867963800036957
110.11011011011011,0.013203370939087173,2.412331701799586e-07,0.9867963878277417
110.31031031031031,0.013203370500809199,2.3408415687659999e-07,0.986796395415033
110.51051051051051,0.013203370075909649,2.2715336659480874e-07,0.9867964027707228
110.71071071071071,0.01320336966376401,2.204306127508338e-07,0.9867964099056223
110.91091091091091,0.013203369263931158,2.1390869999618103e-07,0.986796416827368
111.11111111111111,0.013203368876082758,2.0758227268662788e-07,0.9867964235416437
111.31131131131131,0.013203368499890478,2.0144597517795165e-07,0.9867964300541334
111.51151151151151,0.013203368135025983,1.9549445182592977e-07,0.9867964363705213
111.71171171171171,0.013203367781160939,1.8972234698633955e-07,0.9867964424964911
111.91191191191191,0.013203367437967012,1.8412430501495845e-07,0.9867964484377271
112.11211211211211,0.013203367105115871,1.7869497026756378e-07,0.9867964541999129
112.31231231231232,0.01320336678227918,1.734289870999329e-07,0.9867964597887328
112.51251251251252,0.013203366469128605,1.6832099986784324e-07,0.9867964652098706
112.71271271271272,0.013203366165335814,1.6336565292707212e-07,0.9867964704690103
112.91291291291292,0.013203365870572473,1.5855759063339695e-07,0.9867964755718359
113.11311311311312,0.013203365584510247,1.5389145734259505e-07,0.9867964805240315
113.31331331331332,0.013203365306820803,1.4936189741044385e-07,0.9867964853312808
113.51351351351352,0.013203365037175807,1.449635551927207e-07,0.9867964899992681
113.71371371371372,0.013203364775246926,1.4069107504520298e-07,0.9867964945336771
113.91391391391392,0.013203364520705826,1.3653910132366804e-07,0.986796498940192
114.11411411411412,0.013203364273226404,1.3250231475354841e-07,0.9867965032244578
114.31431431431432,0.01320336403299006,1.2858367431476696e-07,0.9867965073833346
114.51451451451452,0.013203363800123638,1.2478524901064736e-07,0.9867965114146263
114.71471471471472,0.013203363574393775,1.211032323844999e-07,0.9867965153223728
114.91491491491492,0.013203363355567115,1.1753381797963487e-07,0.9867965191106138
115.11511511511512,0.013203363143410298,1.1407319933936248e-07,0.9867965227833894
115.31531531531532,0.013203362937689964,1.1071757000699303e-07,0.986796526344739
115.51551551551552,0.013203362738172754,1.0746312352583674e-07,0.9867965297987027
115.71571571571572,0.013203362544625308,1.043060534392039e-07,0.9867965331493203
115.91591591591592,0.013203362356814269,1.0124255329040474e-07,0.9867965364006314
116.11611611611612,0.013203362174506275,9.826881662274953e-08,0.986796539556676
116.31631631631632,0.013203361997467968,9.538103697954854e-08,0.986796542621494
116.51651651651652,0.01320336182546599,9.2575407904112e-08,0.9867965455991251
116.71671671671672,0.013203361658266978,8.98481229397502e-08,0.9867965484936091
116.91691691691692,0.013203361495637575,8.719537562977338e-08,0.9867965513089858
117.11711711711712,0.013203361337344423,8.46133595174918e-08,0.986796554049295
117.31731731731732,0.01320336118315416,8.209826814621572e-08,0.9867965567185767
117.51751751751752,0.01320336103283343,7.964629505925539e-08,0.9867965593208705
117.71771771771772,0.01320336088614887,7.725363379992107e-08,0.9867965618602162
117.91791791791792,0.013203360743253512,7.492278050236464e-08,0.9867965643339649
118.11811811811812,0.013203360604653163,7.266198568942389e-08,0.9867965667333601
118.31831831831832,0.013203360470240497,7.046949867722583e-08,0.9867965690602598
118.51851851851852,0.013203360339896344,6.83433756867263e-08,0.9867965713167269
118.71871871871872,0.013203360213501545,6.628167293888123e-08,0.9867965735048244
118.91891891891892,0.01320336009093693,6.428244665464648e-08,0.9867965756266154
119.11911911911912,0.013203359972083335,6.234375305497795e-08,0.9867965776841625
119.31931931931932,0.013203359856821596,6.046364836083153e-08,0.986796579679529
119.51951951951952,0.013203359745032544,5.8640188793163116e-08,0.9867965816147776
119.71971971971973,0.013203359636597014,5.687143057292847e-08,0.9867965834919714
119.91991991991993,0.013203359531395844,5.515542992108373e-08,0.9867965853131732
120.12012012012013,0.013203359429309863,5.349024305858467e-08,0.986796587080446
120.32032032032033,0.013203359330219912,5.187392620638717e-08,0.9867965887958529
120.52052052052053,0.01320335923400682,5.030453558544712e-08,0.9867965904614565
120.72072072072073,0.013203359140551424,4.878012741672041e-08,0.9867965920793201
120.92092092092093,0.013203359049734558,4.729875792116294e-08,0.9867965936515065
121.12112112112113,0.013203358961437057,4.585848331973059e-08,0.9867965951800786
121.32132132132134,0.013203358875539754,4.445735983337926e-08,0.9867965966670994
121.52152152152154,0.013203358726316406,4.2023287278334954e-08,0.9867965992503953
121.72172172172174,0.013203358655949024,4.087548169218631e-08,0.9867966004685682
121.92192192192194,0.013203358586926667,3.974961563163405e-08,0.9867966016634566
122.12212212212214,0.013203358519249335,3.864568909667818e-08,0.9867966028350605
122.32232232232234,0.013203358452917027,3.756370208731869e-08,0.9867966039833799
122.52252252252254,0.013203358387929744,3.6503654603555586e-08,0.9867966051084146
122.72272272272274,0.013203358324287486,3.546554664538887e-08,0.9867966062101649
122.92292292292294,0.013203358261990253,3.444937821281853e-08,0.9867966072886305
123.12312312312314,0.013203358201038042,3.345514930584458e-08,0.9867966083438117
123.32332332332334,0.013203358141430858,3.248285992446701e-08,0.9867966093757082
123.52352352352354,0.0132033580831687,3.1532510068685833e-08,0.9867966103843202
123.72372372372374,0.013203358026251565,3.060409973850103e-08,0.9867966113696477
123.92392392392394,0.013203357970679454,2.969762893391262e-08,0.9867966123316906
124.12412412412414,0.01320335791645237,2.881309765492059e-08,0.986796613270449
124.32432432432434,0.01320335786357031,2.7950505901524947e-08,0.9867966141859228
124.52452452452454,0.013203357812033273,2.7109853673725687e-08,0.986796615078112
124.72472472472474,0.013203357761841263,2.629114097152281e-08,0.9867966159470167
124.92492492492494,0.013203357712994275,2.5494367794916318e-08,0.9867966167926369
125.12512512512514,0.01320335766547807,2.4719301851671327e-08,0.986796617615219
125.32532532532534,0.013203357619162663,2.3963822798842647e-08,0.9867966184170135
125.52552552552554,0.01320335757401675,2.3227420092703992e-08,0.9867966191985621
125.72572572572574,0.01320335753004033,2.251009373325537e-08,0.9867966199598649
125.92592592592594,0.013203357487233407,2.1811843720496776e-08,0.9867966207009218
126.12612612612614,0.013203357445595977,2.1132670054428215e-08,0.9867966214217329
126.32632632632634,0.013203357405128043,2.0472572735049683e-08,0.9867966221222981
126.52652652652654,0.013203357365829603,1.9831551762361182e-08,0.9867966228026176
126.72672672672674,0.013203357327700659,1.9209607136362714e-08,0.9867966234626911
126.92692692692694,0.01320335729074121,1.8606738857054275e-08,0.9867966241025189
127.12712712712714,0.013203357254951255,1.8022946924435868e-08,0.9867966247221007
127.32732732732734,0.013203357220330794,1.745823133850749e-08,0.9867966253214367
127.52752752752754,0.01320335718687983,1.691259209926914e-08,0.986796625900527
127.72772772772774,0.013203357154598359,1.6386029206720824e-08,0.9867966264593714
127.92792792792794,0.013203357123486383,1.587854266086254e-08,0.9867966269979699
128.12812812812814,0.013203357093543902,1.5390132461694283e-08,0.9867966275163226
128.32832832832833,0.013203357064770917,1.492079860921609e-08,0.9867966280144294
128.52852852852854,0.013203357037167426,1.4470541103427863e-08,0.9867966284922903
128.72872872872873,0.013203357010733429,1.4039359944329729e-08,0.9867966289499055
128.92892892892894,0.01320335698543508,1.3626703018668095e-08,0.9867966293878608
129.12912912912913,0.013203356960873621,1.3226065970504951e-08,0.9867966298130594
129.32932932932934,0.013203356936933886,1.2835570237211393e-08,0.9867966302274949
129.52952952952953,0.013203356913615875,1.2455215818787532e-08,0.9867966306311673
129.72972972972974,0.013203356890919586,1.208500271523326e-08,0.9867966310240767
129.92992992992993,0.013203356868845023,1.172493092654868e-08,0.986796631406223
130.13013013013014,0.013203356847392182,1.1375000452733692e-08,0.9867966317776063
130.33033033033033,0.013203356826561064,1.1035211293788393e-08,0.9867966321382265
130.53053053053054,0.01320335680635167,1.0705563449712691e-08,0.9867966324880838
130.73073073073073,0.013203356786764,1.0386056920506674e-08,0.986796632827178
130.93093093093094,0.013203356767798054,1.0076691706170255e-08,0.9867966331555091
131.13113113113113,0.013203356749453832,9.77746780670352e-09,0.9867966334730773
131.33133133133134,0.013203356731731333,9.488385222106386e-09,0.9867966337798824
131.53153153153153,0.013203356714630556,9.209443952378933e-09,0.9867966340759244
131.73173173173174,0.013203356698151505,8.940643997521085e-09,0.9867966343612035
131.93193193193193,0.013203356682294175,8.681985357532915e-09,0.9867966346357194
132.13213213213214,0.013203356667058571,8.433468032414348e-09,0.9867966348994723
132.33233233233233,0.01320335665244469,8.19509202216546e-09,0.9867966351524622
132.53253253253254,0.013203356638452532,7.96685732678618e-09,0.9867966353946891
132.73273273273273,0.013203356625067185,7.748520721170657e-09,0.9867966356264111
132.93293293293294,0.013203356612053779,7.53625103703787e-09,0.9867966358516941
133.13313313313313,0.013203356599331337,7.3287274849911625e-09,0.9867966360719401
133.33333333333334,0.013203356586899865,7.125950065030476e-09,0.986796636287149
133.53353353353353,0.013203356574759358,6.927918777155869e-09,0.9867966364973207
133.73373373373374,0.013203356562909815,6.734633621367284e-09,0.9867966367024554
133.93393393393393,0.01320335655135124,6.546094597664776e-09,0.986796636902553
134.13413413413414,0.013203356540083632,6.362301706048293e-09,0.9867966370976136
134.33433433433433,0.01320335652910699,6.183254946517885e-09,0.986796637287637
134.53453453453454,0.013203356518421316,6.0089543190735025e-09,0.9867966374726233
134.73473473473473,0.013203356508026606,5.839399823715196e-09,0.9867966376525725
134.93493493493494,0.013203356497922864,5.6745914604429145e-09,0.9867966378274846
135.13513513513513,0.013203356488110086,5.514529229256707e-09,0.9867966379973596
135.33533533533534,0.013203356478588278,5.359213130156527e-09,0.9867966381621975
135.53553553553553,0.013203356469357434,5.208643163142419e-09,0.9867966383219984
135.73573573573574,0.013203356460417558,5.0628193282143414e-09,0.986796638476762
135.93593593593593,0.013203356451768646,4.921741625372334e-09,0.9867966386264887
136.13613613613614,0.013203356443410702,4.785410054616357e-09,0.9867966387711782
136.33633633633633,0.013203356435343724,4.653824615946449e-09,0.9867966389108306
136.53653653653654,0.013203356427563725,4.526920276592349e-09,0.9867966390455148
136.73673673673676,0.013203356419982354,4.403255858992601e-09,0.9867966391767606
136.93693693693695,0.01320335641256334,4.282239787541524e-09,0.9867966393051958
137.13713713713716,0.013203356405306689,4.163872062239082e-09,0.9867966394308202
137.33733733733735,0.013203356398212397,4.04815268308531e-09,0.9867966395536338
137.53753753753756,0.013203356391280462,3.935081650080176e-09,0.9867966396736367
137.73773773773775,0.013203356384510888,3.82465896322371e-09,0.986796639790829
137.93793793793796,0.013203356377903673,3.7168846225158814e-09,0.9867966399052106
138.13813813813815,0.01320335637145882,3.611758627956721e-09,0.9867966400167815
138.33833833833836,0.013203356365176324,3.5092809795461995e-09,0.9867966401255416
138.53853853853855,0.013203356359056187,3.409451677284345e-09,0.986796640231491
138.73873873873876,0.013203356353098411,3.31227072117113e-09,0.9867966403346298
138.93893893893895,0.013203356347302995,3.2177381112065812e-09,0.9867966404349577
139.13913913913916,0.013203356341669938,3.1258538473906727e-09,0.9867966405324751
139.33933933933935,0.01320335633619924,3.0366179297234296e-09,0.9867966406271818
139.53953953953956,0.013203356330890901,2.9500303582048274e-09,0.9867966407190776
139.73973973973975,0.013203356325744924,2.8660911328348905e-09,0.9867966408081629
139.93993993993996,0.013203356320761304,2.784800253613595e-09,0.9867966408944373
140.14014014014015,0.013203356315940044,2.7061577205409636e-09,0.9867966409779011
140.34034034034036,0.013203356311279963,2.6301442621233e-09,0.9867966410585747
140.54054054054055,0.013203356306741253,2.556110573219972e-09,0.986796641137147
140.74074074074076,0.013203356302304466,2.4837393915084837e-09,0.986796641213955
140.94094094094095,0.013203356297969598,2.4130307169888572e-09,0.9867966412889986
141.14114114114116,0.013203356293736654,2.3439845496610725e-09,0.9867966413622776
141.34134134134135,0.01320335628960563,2.2766008895251485e-09,0.9867966414337923
141.54154154154156,0.013203356285576529,2.2108797365810667e-09,0.9867966415035426
141.74174174174175,0.013203356281649349,2.1468210908288452e-09,0.9867966415715285
141.94194194194196,0.013203356277824091,2.0844249522684664e-09,0.9867966416377498
142.14214214214215,0.013203356274100755,2.023691320899947e-09,0.9867966417022068
142.34234234234236,0.013203356270479341,1.964620196723271e-09,0.9867966417648993
142.54254254254255,0.013203356266959848,1.9072115797384547e-09,0.9867966418258275
142.74274274274276,0.013203356263542276,1.8514654699454813e-09,0.9867966418849912
142.94294294294295,0.013203356260226626,1.7973818673443672e-09,0.9867966419423904
143.14314314314316,0.013203356257012898,1.7449607719350969e-09,0.9867966419980252
143.34334334334335,0.013203356253901092,1.694202183717685e-09,0.9867966420518955
143.54354354354356,0.013203356250891208,1.6451061026921177e-09,0.9867966421040015
143.74374374374375,0.013203356247983244,1.5976725288584085e-09,0.986796642154343
143.94394394394396,0.013203356245177204,1.5519014622165439e-09,0.9867966422029202
144.14414414414415,0.013203356242472642,1.5077857098175144e-09,0.9867966422497405
144.34434434434436,0.013203356239843865,1.4649060888743518e-09,0.9867966422952489
144.54454454454455,0.013203356237275891,1.4230182903238163e-09,0.9867966423397047
144.74474474474476,0.013203356234768721,1.3821223141658961e-09,0.9867966423831078
144.94494494494495,0.013203356232322357,1.3422181604006032e-09,0.9867966424254583
145.14514514514516,0.013203356229936798,1.3033058290279258e-09,0.9867966424667561
145.34534534534535,0.013203356227612043,1.2653853200478753e-09,0.9867966425070015
145.54554554554556,0.013203356225348094,1.2284566334604406e-09,0.986796642546194
145.74574574574575,0.013203356223144948,1.1925197692656323e-09,0.9867966425843341
145.94594594594597,0.013203356221002606,1.1575747274634403e-09,0.9867966426214215
146.14614614614615,0.01320335621892107,1.1236215080538742e-09,0.9867966426574563
146.34634634634637,0.013203356216900339,1.090660111036925e-09,0.9867966426924384
146.54654654654655,0.013203356214940412,1.0586905364126014e-09,0.9867966427263679
146.74674674674677,0.013203356213041289,1.0277127841808948e-09,0.9867966427592447
146.94694694694695,0.013203356211202971,9.977268543418136e-10,0.9867966427910689
147.14714714714717,0.013203356209425459,9.687327468953495e-10,0.9867966428218407
147.34734734734735,0.01320335620770875,9.407304618415107e-10,0.9867966428515595
147.54754754754757,0.013203356206052848,9.137199991802894e-10,0.986796642880226
147.74774774774775,0.013203356204457749,8.877013589116931e-10,0.9867966429078397
147.94794794794797,0.013203356202923334,8.62672567177394e-10,0.986796642934403
148.14814814814815,0.013203356201433945,8.383782353897504e-10,0.9867966429601867
148.34834834834837,0.01320335619997865,8.146400019280259e-10,0.9867966429853802
148.54854854854855,0.013203356198557444,7.914578667922272e-10,0.9867966430099835
148.74874874874877,0.013203356197170333,7.688318299823478e-10,0.9867966430339966
148.94894894894895,0.013203356195817313,7.46761891498394e-10,0.9867966430574195
149.14914914914917,0.013203356194498386,7.252480513403598e-10,0.9867966430802524
149.34934934934935,0.01320335619321355,7.04290309508251e-10,0.9867966431024949
149.54954954954957,0.013203356191962806,6.838886660020618e-10,0.9867966431241473
149.74974974974975,0.013203356190746156,6.64043120821798e-10,0.9867966431452095
149.94994994994997,0.013203356189563597,6.44753673967454e-10,0.9867966431656815
150.15015015015015,0.01320335618841513,6.260203254390352e-10,0.9867966431855634
150.35035035035037,0.013203356187300756,6.078430752365362e-10,0.9867966432048549
150.55055055055055,0.013203356186220472,5.902219233599623e-10,0.9867966432235564
150.75075075075077,0.013203356185174283,5.731568698093084e-10,0.9867966432416676
150.95095095095095,0.013203356184162185,5.566479145845795e-10,0.9867966432591887
151.15115115115117,0.013203356183184179,5.406950576857708e-10,0.9867966432761196
151.35135135135135,0.013203356182240264,5.252982991128868e-10,0.9867966432924602
151.55155155155157,0.013203356181330443,5.104576388659231e-10,0.9867966433082107
151.75175175175175,0.013203356180424014,4.956723299321502e-10,0.9867966433239025
151.95195195195197,0.01320335617887629,4.704264426970156e-10,0.9867966433506961
152.15215215215215,0.013203356177349244,4.4551785730274673e-10,0.9867966433771317
152.35235235235237,0.013203356175842876,4.2094657374933696e-10,0.9867966434032094
152.55255255255256,0.013203356174357188,3.967125920367931e-10,0.986796643428929
152.75275275275277,0.013203356172892177,3.728159121651087e-10,0.9867966434542907
152.95295295295296,0.013203356171447847,3.492565341342899e-10,0.9867966434792944
153.15315315315317,0.013203356170024194,3.260344579443305e-10,0.9867966435039401
153.35335335335336,0.01320335616862122,3.031496835952368e-10,0.9867966435282279
153.55355355355357,0.013203356167238925,2.8060221108700235e-10,0.9867966435521577
153.75375375375376,0.013203356165877308,2.5839204041963365e-10,0.9867966435757295
153.95395395395397,0.01320335616453637,2.365191715931245e-10,0.9867966435989433
154.15415415415416,0.01320335616321611,2.1498360460748082e-10,0.9867966436217991
154.35435435435437,0.013203356161916528,1.937853394626968e-10,0.986796643644297
154.55455455455456,0.013203356160637626,1.729243761587782e-10,0.9867966436664368
154.75475475475477,0.013203356159379403,1.5240071469571933e-10,0.9867966436882187
154.95495495495496,0.013203356158141858,1.3221435507352567e-10,0.9867966437096426
155.15515515515517,0.013203356156924992,1.1236529729219164e-10,0.9867966437307085
155.35535535535536,0.013203356155728804,9.285354135172303e-11,0.9867966437514165
155.55555555555557,0.013203356154553295,7.367908725211441e-11,0.9867966437717665
155.75575575575576,0.013203356153398463,5.4841934993370794e-11,0.9867966437917585
155.95595595595597,0.013203356152264312,3.6342084575487274e-11,0.9867966438113924
156.15615615615616,0.01320335615115084,1.8179535998468707e-11,0.9867966438306685
156.35635635635637,0.013203356150058044,3.5428926231007933e-13,0.9867966438495865
156.55655655655656,0.013203356148985929,-1.713365563298344e-11,0.9867966438681466
156.75675675675677,0.01320335614793449,-3.428429868741671e-11,0.9867966438863487
156.95695695695696,0.013203356146903732,-5.109763990098523e-11,0.9867966439041927
157.15715715715717,0.013203356145893652,-6.75736792736934e-11,0.9867966439216789
157.35735735735736,0.013203356144904251,-8.371241680553693e-11,0.986796643938807
157.55755755755757,0.013203356143935528,-9.951385249651997e-11,0.9867966439555772
157.75775775775776,0.013203356142987484,-1.1497798634663845e-10,0.9867966439719893
157.95795795795797,0.013203356142060118,-1.3010481835589658e-10,0.9867966439880436
158.15815815815816,0.01320335614115343,-1.4489434852429e-10,0.9867966440037398
158.35835835835837,0.013203356140267422,-1.5934657685182285e-10,0.986796644019078
158.55855855855856,0.013203356139402093,-1.7346150333849126e-10,0.9867966440340582
158.75875875875877,0.013203356138557441,-1.8723912798429898e-10,0.9867966440486805
158.95895895895896,0.01320335613773347,-2.0067945078924237e-10,0.9867966440629449
159.15915915915917,0.013203356136930175,-2.1378247175332512e-10,0.9867966440768511
159.35935935935936,0.01320335613614756,-2.2654819087654335e-10,0.9867966440903995
159.55955955955957,0.013203356135385624,-2.3897660815890097e-10,0.9867966441035898
159.75975975975976,0.013203356134644366,-2.510677236003942e-10,0.9867966441164222
159.95995995995997,0.013203356133923786,-2.628215372010267e-10,0.9867966441288966
160.16016016016016,0.013203356133223886,-2.742380489607949e-10,0.986796644141013
160.36036036036037,0.013203356132544664,-2.8531725887970225e-10,0.9867966441527715
160.56056056056056,0.01320335613188612,-2.9605916695774544e-10,0.9867966441641719
160.76076076076077,0.013203356131248255,-3.0646377319492777e-10,0.9867966441752144
160.96096096096096,0.01320335613063107,-3.1653107759124597e-10,0.9867966441858989
161.16116116116117,0.013203356130034562,-3.262610801467031e-10,0.9867966441962254
161.36136136136136,0.013203356129458733,-3.356537808612962e-10,0.9867966442061938
161.56156156156158,0.013203356128903582,-3.447091797350282e-10,0.9867966442158045
161.76176176176176,0.013203356128369112,-3.534272767678963e-10,0.986796644225057
161.96196196196198,0.013203356127855318,-3.6180807195990334e-10,0.9867966442339516
162.16216216216216,0.013203356127362204,-3.6985156531104644e-10,0.9867966442424883
162.36236236236238,0.013203356126889767,-3.7755775682132816e-10,0.9867966442506668
162.56256256256256,0.01320335612643801,-3.8492664649074633e-10,0.9867966442584875
162.76276276276278,0.013203356126006932,-3.919582343193029e-10,0.9867966442659502
162.96296296296296,0.013203356125596533,-3.98652520306996e-10,0.9867966442730548
163.16316316316318,0.013203356125206811,-4.0500950445382753e-10,0.9867966442798015
163.36336336336336,0.013203356124837768,-4.110291867597956e-10,0.9867966442861903
163.56356356356358,0.013203356124489404,-4.16711567224902e-10,0.986796644292221
163.76376376376376,0.013203356124161719,-4.2205664584914503e-10,0.9867966442978937
163.96396396396398,0.013203356123854712,-4.270644226325263e-10,0.9867966443032086
164.16416416416416,0.013203356123568384,-4.317348975750443e-10,0.9867966443081654
164.36436436436438,0.013203356123302734,-4.360680706767005e-10,0.9867966443127641
164.56456456456456,0.013203356123057763,-4.4006394193749347e-10,0.986796644317005
164.76476476476478,0.013203356122833472,-4.437225113574245e-10,0.9867966443208879
164.96496496496496,0.013203356122629857,-4.4704377893649246e-10,0.9867966443244127
165.16516516516518,0.013203356122446924,-4.500277446746984e-10,0.9867966443275796
165.36536536536536,0.013203356122284666,-4.5267440857204136e-10,0.9867966443303886
165.56556556556558,0.013203356122143088,-4.5498377062852213e-10,0.9867966443328395
165.76576576576576,0.01320335612202219,-4.5695583084414007e-10,0.9867966443349325
165.96596596596598,0.013203356121921968,-4.5859058921889573e-10,0.9867966443366675
166.16616616616616,0.013203356121842428,-4.5988804575278867e-10,0.9867966443380445
166.36636636636638,0.013203356121783564,-4.608482004458192e-10,0.9867966443390634
166.56656656656656,0.01320335612174538,-4.614710532979871e-10,0.9867966443397245
166.76676676676678,0.013203356121727874,-4.617566043092925e-10,0.9867966443400276
166.96696696696696,0.013203356121731047,-4.617048534797354e-10,0.9867966443399726
167.16716716716718,0.013203356121754897,-4.613158008093157e-10,0.9867966443395597
167.36736736736736,0.013203356121799428,-4.605894462980335e-10,0.9867966443387889
167.56756756756758,0.013203356121864636,-4.5952578994588866e-10,0.98679664433766
167.76776776776777,0.013203356121950524,-4.581248317528815e-10,0.9867966443361731
167.96796796796798,0.01320335612205709,-4.563865717190116e-10,0.9867966443343283
168.16816816816817,0.013203356122184333,-4.5431100984427933e-10,0.9867966443321255
168.36836836836838,0.013203356122332257,-4.518981461286843e-10,0.9867966443295647
168.56856856856857,0.013203356122500858,-4.4914798057222705e-10,0.9867966443266459
168.76876876876878,0.013203356122690139,-4.460605131749069e-10,0.9867966443233692
168.96896896896897,0.013203356122900098,-4.4263574393672467e-10,0.9867966443197345
169.16916916916918,0.013203356123130736,-4.3887367285767934e-10,0.9867966443157418
169.36936936936937,0.013203356123382052,-4.347742999377721e-10,0.9867966443113911
169.56956956956958,0.013203356123654046,-4.303376251770017e-10,0.9867966443066825
169.76976976976977,0.01320335612394672,-4.2556364857536937e-10,0.9867966443016157
169.96996996996998,0.013203356124260072,-4.2045237013287384e-10,0.9867966442961912
170.17017017017017,0.013203356124594104,-4.1500378984951656e-10,0.9867966442904085
170.37037037037038,0.013203356124948813,-4.0921790772529587e-10,0.9867966442842679
170.57057057057057,0.0132033561253242,-4.0309472376021354e-10,0.9867966442777694
170.77077077077078,0.013203356125720267,-3.9663423795426775e-10,0.9867966442709128
170.970970970971,0.013203356126137012,-3.898364503074594e-10,0.9867966442636983
171.17117117117118,0.013203356126574436,-3.827013608197895e-10,0.9867966442561258
171.3713713713714,0.013203356127032538,-3.75228969491256e-10,0.9867966442481952
171.57157157157158,0.01320335612751132,-3.6741927632186107e-10,0.9867966442399068
171.7717717717718,0.01320335612801078,-3.592722813116025e-10,0.9867966442312603
171.97197197197198,0.013203356128530918,-3.5078798446048257e-10,0.9867966442222559
172.1721721721722,0.013203356129071735,-3.4196638576849885e-10,0.9867966442128935
172.37237237237238,0.01320335612963323,-3.3280748523565386e-10,0.986796644203173
172.5725725725726,0.013203356130215406,-3.2331128286194505e-10,0.9867966441930948
172.77277277277278,0.013203356130132637,-3.2466136276911625e-10,0.9867966441945275
172.972972972973,0.013203356129937215,-3.2784900773709037e-10,0.9867966441979106
173.17317317317318,0.01320335612974715,-3.309492847807906e-10,0.986796644201201
173.3733733733734,0.01320335612956244,-3.339621939002178e-10,0.9867966442043985
173.57357357357358,0.013203356129383087,-3.3688773509537124e-10,0.9867966442075035
173.7737737737738,0.013203356129209089,-3.397259083662516e-10,0.9867966442105156
173.97397397397398,0.01320335612904045,-3.424767137128581e-10,0.986796644213435
174.1741741741742,0.013203356128877164,-3.451401511351916e-10,0.9867966442162618
174.37437437437438,0.013203356128719236,-3.477162206332513e-10,0.9867966442189958
174.5745745745746,0.013203356128566664,-3.502049222070379e-10,0.986796644221637
174.77477477477478,0.013203356128419448,-3.5260625585655075e-10,0.9867966442241856
174.974974974975,0.013203356128277588,-3.549202215817905e-10,0.9867966442266414
175.17517517517518,0.013203356128141084,-3.5714681938275643e-10,0.9867966442290045
175.3753753753754,0.013203356128009935,-3.592860492594493e-10,0.9867966442312749
175.57557557557558,0.013203356127884145,-3.6133791121186846e-10,0.9867966442334526
175.7757757757758,0.013203356127763709,-3.6330240524001446e-10,0.9867966442355375
175.97597597597598,0.01320335612764863,-3.6517953134388674e-10,0.9867966442375297
176.1761761761762,0.013203356127538908,-3.669692895234858e-10,0.9867966442394291
176.37637637637638,0.013203356127434542,-3.686716797788113e-10,0.9867966442412359
176.5765765765766,0.01320335612733553,-3.702867021098636e-10,0.98679664424295
176.77677677677679,0.013203356127241876,-3.718143565166421e-10,0.9867966442445713
176.976976976977,0.013203356127153577,-3.732546429991475e-10,0.9867966442460998
177.17717717717719,0.013203356127070636,-3.7460756155737926e-10,0.9867966442475358
177.3773773773774,0.013203356126993051,-3.758731121913377e-10,0.9867966442488788
177.57757757757759,0.01320335612692082,-3.770512949010226e-10,0.9867966442501293
177.7777777777778,0.013203356126853947,-3.781421096864342e-10,0.986796644251287
177.977977977978,0.01320335612679243,-3.7914555654757224e-10,0.9867966442523519
178.1781781781782,0.013203356126736268,-3.8006163548443695e-10,0.9867966442533241
178.3783783783784,0.013203356126685464,-3.8089034649702817e-10,0.9867966442542037
178.5785785785786,0.013203356126640016,-3.816316895853461e-10,0.9867966442549905
178.7787787787788,0.013203356126599923,-3.822856647493904e-10,0.9867966442556846
178.978978978979,0.013203356126565187,-3.828522719891614e-10,0.9867966442562859
179.1791791791792,0.013203356126535806,-3.833315113046589e-10,0.9867966442567945
179.3793793793794,0.013203356126511781,-3.83723382695883e-10,0.9867966442572104
179.5795795795796,0.013203356126493114,-3.840278861628336e-10,0.9867966442575336
179.7797797797798,0.013203356126479802,-3.842450217055109e-10,0.986796644257764
179.97997997998,0.013203356126471846,-3.843747893239147e-10,0.9867966442579017
180.1801801801802,0.013203356126469248,-3.84417189018045e-10,0.9867966442579468
180.3803803803804,0.013203356126472004,-3.84372220787902e-10,0.986796644257899
180.5805805805806,0.013203356126480117,-3.842398846334855e-10,0.9867966442577586
180.7807807807808,0.013203356126493588,-3.840201805547956e-10,0.9867966442575253
180.980980980981,0.013203356126512413,-3.8371310855183216e-10,0.9867966442571995
181.1811811811812,0.013203356126536593,-3.8331866862459545e-10,0.9867966442567808
181.3813813813814,0.013203356126566132,-3.8283686077308514e-10,0.9867966442562696
181.5815815815816,0.013203356126601026,-3.822676849973015e-10,0.9867966442556655
181.7817817817818,0.013203356126641275,-3.816111412972444e-10,0.9867966442549686
181.981981981982,0.013203356126686883,-3.80867229672914e-10,0.9867966442541791
182.1821821821822,0.013203356126737845,-3.8003595012430996e-10,0.9867966442532969
182.3823823823824,0.013203356126794163,-3.7911730265143264e-10,0.9867966442523219
182.5825825825826,0.013203356126855838,-3.7811128725428176e-10,0.9867966442512542
182.7827827827828,0.01320335612692287,-3.770179039328576e-10,0.9867966442500938
182.982982982983,0.013203356126995256,-3.7583715268715985e-10,0.9867966442488407
183.1831831831832,0.013203356127072999,-3.745690335171888e-10,0.9867966442474948
183.3833833833834,0.0132033561271561,-3.732135464229442e-10,0.9867966442460563
183.5835835835836,0.013203356127244555,-3.7177069140442635e-10,0.986796644244525
183.7837837837838,0.013203356127338367,-3.702404684616348e-10,0.9867966442429009
183.983983983984,0.013203356127437536,-3.686228775945701e-10,0.9867966442411842
184.1841841841842,0.01320335612754206,-3.6691791880323173e-10,0.9867966442393746
184.3843843843844,0.01320335612765194,-3.651255920876202e-10,0.9867966442374725
184.5845845845846,0.013203356127767176,-3.6324589744773494e-10,0.9867966442354775
184.7847847847848,0.01320335612788777,-3.6127883488357655e-10,0.9867966442333899
184.984984984985,0.013203356128013719,-3.592244043951444e-10,0.9867966442312095
185.1851851851852,0.013203356128145024,-3.5708260598243915e-10,0.9867966442289364
185.3853853853854,0.013203356128281685,-3.5485343964546014e-10,0.9867966442265705
185.5855855855856,0.013203356128423702,-3.5253690538420804e-10,0.986796644224112
185.7857857857858,0.013203356128571075,-3.5013300319868213e-10,0.9867966442215608
185.985985985986,0.013203356128723805,-3.476417330888832e-10,0.9867966442189167
186.1861861861862,0.013203356128881892,-3.450630950548104e-10,0.98679664421618
186.3863863863864,0.013203356129045335,-3.4239708909646466e-10,0.9867966442133506
186.5865865865866,0.013203356129214132,-3.39643715213845e-10,0.9867966442104283
186.7867867867868,0.013203356129388288,-3.3680297340695233e-10,0.9867966442074135
186.986986986987,0.013203356129567799,-3.3387486367578586e-10,0.9867966442043059
187.1871871871872,0.013203356129752665,-3.308593860203464e-10,0.9867966442011055
187.3873873873874,0.013203356129942887,-3.2775654044063297e-10,0.9867966441978124
187.5875875875876,0.013203356130138467,-3.2456632693664665e-10,0.9867966441944267
187.7877877877878,0.013203356130339402,-3.2128874550838637e-10,0.9867966441909481
187.987987987988,0.013203356130545695,-3.1792379615585315e-10,0.9867966441873769
188.1881881881882,0.013203356130757342,-3.14471478879046e-10,0.9867966441837129
188.3883883883884,0.013203356130974347,-3.1093179367796594e-10,0.9867966441799563
188.5885885885886,0.013203356131196706,-3.0730474055261195e-10,0.9867966441761068
188.7887887887888,0.013203356131424423,-3.035903195029851e-10,0.9867966441721647
188.988988988989,0.013203356131657495,-2.997885305290842e-10,0.9867966441681298
189.1891891891892,0.013203356131895924,-2.958993736309104e-10,0.9867966441640023
189.3893893893894,0.013203356132139708,-2.919228488084627e-10,0.986796644159782
189.5895895895896,0.01320335613238885,-2.8785895606174207e-10,0.9867966441554689
189.7897897897898,0.013203356132643347,-2.837076953907474e-10,0.9867966441510632
189.98998998999,0.0132033561329032,-2.7946906679548e-10,0.9867966441465646
190.1901901901902,0.01320335613316841,-2.7514307027593853e-10,0.9867966441419734
190.3903903903904,0.013203356133438976,-2.707297058321242e-10,0.9867966441372895
190.5905905905906,0.013203356133714898,-2.6622897346403583e-10,0.9867966441325129
190.7907907907908,0.013203356133996176,-2.616408731716747e-10,0.9867966441276435
190.990990990991,0.01320335613428281,-2.569654049550394e-10,0.9867966441226814
191.1911911911912,0.013203356134574802,-2.5220256881413143e-10,0.9867966441176266
191.3913913913914,0.013203356134872148,-2.473523647489493e-10,0.986796644112479
191.5915915915916,0.013203356135174852,-2.424147927594944e-10,0.9867966441072388
191.7917917917918,0.01320335613548291,-2.3738985284576543e-10,0.9867966441019057
191.991991991992,0.013203356135796325,-2.3227754500776373e-10,0.98679664409648
192.1921921921922,0.013203356136115096,-2.2707786924548785e-10,0.9867966440909616
192.3923923923924,0.013203356136439224,-2.217908255589393e-10,0.9867966440853504
192.5925925925926,0.013203356136768709,-2.1641641394811654e-10,0.9867966440796465
192.7927927927928,0.013203356137103548,-2.1095463441302113e-10,0.9867966440738499
192.992992992993,0.013203356137443743,-2.0540548695365152e-10,0.9867966440679605
193.1931931931932,0.013203356137789297,-1.9976897157000926e-10,0.9867966440619784
193.3933933933934,0.013203356138140205,-1.9404508826209277e-10,0.9867966440559037
193.5935935935936,0.013203356137883473,-1.9823279431522555e-10,0.9867966440603482
193.7937937937938,0.013203356137972399,-1.9678228872053924e-10,0.9867966440588087
193.993993993994,0.013203356138061322,-1.9533178312585314e-10,0.9867966440572693
194.1941941941942,0.013203356138150248,-1.9388127753116683e-10,0.9867966440557299
194.3943943943944,0.013203356138239173,-1.924307719364807e-10,0.9867966440541904
194.5945945945946,0.013203356138328097,-1.909802663417944e-10,0.986796644052651
194.7947947947948,0.013203356138417022,-1.8952976074710827e-10,0.9867966440511116
194.994994994995,0.013203356138505947,-1.8807925515242196e-10,0.9867966440495721
195.1951951951952,0.013203356138594871,-1.8662874955773586e-10,0.9867966440480327
195.3953953953954,0.013203356138683797,-1.8517824396304955e-10,0.9867966440464933
195.5955955955956,0.01320335613877272,-1.8372773836836343e-10,0.9867966440449538
195.7957957957958,0.013203356138861646,-1.8227723277367712e-10,0.9867966440434144
195.995995995996,0.013203356138950571,-1.80826727178991e-10,0.986796644041875
196.1961961961962,0.013203356139039495,-1.7937622158430468e-10,0.9867966440403355
196.3963963963964,0.01320335613912842,-1.7792571598961858e-10,0.9867966440387961
196.5965965965966,0.013203356139217345,-1.7647521039493227e-10,0.9867966440372566
196.7967967967968,0.013203356139306269,-1.7502470480024615e-10,0.9867966440357172
196.996996996997,0.013203356139395194,-1.7357419920555984e-10,0.9867966440341778
197.1971971971972,0.013203356139484118,-1.721236936108737e-10,0.9867966440326384
197.3973973973974,0.013203356139573044,-1.706731880161874e-10,0.986796644031099
197.5975975975976,0.013203356139661969,-1.692226824215013e-10,0.9867966440295596
197.7977977977978,0.013203356139750893,-1.67772176826815e-10,0.9867966440280201
197.997997997998,0.013203356139839818,-1.6632167123212887e-10,0.9867966440264807
198.1981981981982,0.013203356139928742,-1.6487116563744256e-10,0.9867966440249413
198.3983983983984,0.013203356140017667,-1.6342066004275643e-10,0.9867966440234018
198.5985985985986,0.013203356140106592,-1.6197015444807012e-10,0.9867966440218624
198.7987987987988,0.013203356140195516,-1.6051964885338402e-10,0.986796644020323
198.998998998999,0.013203356140284441,-1.5906914325869771e-10,0.9867966440187835
199.1991991991992,0.013203356140373367,-1.576186376640116e-10,0.9867966440172441
199.3993993993994,0.01320335614046229,-1.5616813206932528e-10,0.9867966440157047
199.5995995995996,0.013203356140551216,-1.5471762647463915e-10,0.9867966440141652
199.7997997997998,0.01320335614064014,-1.5326712087995284e-10,0.9867966440126258
200.0,0.013203356140729065,-1.5181661528526674e-10,0.9867966440110864
